# Created with Anim8or 1.00
# Object "obj1":

mtllib obj1.mtl

# Shape "mesh01":
g mesh01
# No. points 52:
v -0.49364 1.98955 -0.50000
v -0.48704 0.98957 -0.50000
v -0.48704 0.98957 -0.50000
v -0.49364 1.98955 -0.50000
v -0.49364 1.98955 0.50000
v 0.50634 1.99614 0.50000
v 0.50634 1.99614 -0.50000
v 0.51294 0.99617 -0.50000
v -0.49364 1.98955 0.50000
v 0.51294 0.99617 0.50000
v -0.48704 0.98957 0.50000
v -0.48704 0.98957 0.50000
v 0.57546 0.99566 -0.26080
v -0.57226 0.99566 -0.26080
v -0.57226 0.99566 0.26080
v 0.57546 0.99566 0.26080
v 0.57546 -0.50169 -0.26080
v -0.57226 -0.50169 -0.26080
v 0.57546 -0.50169 0.26080
v -0.57226 -0.50169 0.26080
v 0.00943 -0.49879 -0.26080
v -0.55870 -0.49879 -0.26080
v -0.55870 -0.49879 0.26080
v 0.00942 -0.49879 0.26080
v 0.00943 -1.99614 -0.26080
v -0.55870 -1.99614 -0.26080
v 0.00942 -1.99614 0.26080
v -0.55870 -1.99614 0.26080
v -2.05601 0.99629 -0.27445
v -2.05777 0.42821 -0.28046
v -2.06405 0.42271 0.24107
v -2.06229 0.99080 0.24707
v -0.55877 0.99147 -0.25646
v -0.56053 0.42338 -0.26246
v -0.56506 0.98598 0.26507
v -0.56681 0.41789 0.25907
v 0.57909 -0.49879 -0.26080
v 0.01097 -0.49879 -0.26080
v 0.01097 -0.49879 0.26080
v 0.57909 -0.49879 0.26080
v 0.57909 -1.99614 -0.26080
v 0.01097 -1.99614 -0.26080
v 0.57909 -1.99614 0.26080
v 0.01097 -1.99614 0.26080
v 0.56682 0.99629 -0.27445
v 0.56506 0.42821 -0.28046
v 0.55877 0.42271 0.24107
v 0.56053 0.99080 0.24707
v 2.06405 0.99147 -0.25646
v 2.06229 0.42338 -0.26246
v 2.05777 0.98598 0.26507
v 2.05601 0.41789 0.25907

# No. normals 200:
vn 1 0 0
vn -0.00659 0.999978 0
vn 0 0 -1
vn 1 0 0
vn 0.00660 -0.999978 0
vn 1 0 0
vn -0.999978 -0.00660 0
vn 0 0 1
vn 1 0 0
vn 0.999978 0.00660 0
vn 0 1 0
vn 0 0 -1
vn 1 0 0
vn -1 0 0
vn 0 0 1
vn 0 -1 0
vn 0 1 0
vn 0 0 -1
vn 1 0 0.00002
vn -1 0 0
vn 0 0 1
vn 0 -1 0
vn -0.999923 0.00322 -0.01201
vn 0.01205 0.01052 -0.999872
vn 0.00309 0.999939 0.01056
vn -0.00309 -0.999939 -0.01056
vn -0.01205 -0.01052 0.999872
vn 0.999923 -0.00321 0.01201
vn 0 1 0
vn 0 0 -1
vn 1 0 0
vn -1 0 0
vn 0 0 1
vn 0 -1 0
vn -0.999922 0.00323 -0.01203
vn 0.01205 0.01052 -0.999872
vn 0.00309 0.999939 0.01056
vn -0.00309 -0.999939 -0.01056
vn -0.01205 -0.01052 0.999872
vn 0.999923 -0.00322 0.01201
vn 1 0 0
vn 1 0 0
vn 0 0 -1
vn -0.00659 0.999978 0
vn 1 0 0
vn 1 0 0
vn 0.00660 -0.999978 0
vn 0 0 -1
vn 1 0 0
vn -0.999978 -0.00660 0
vn 1 0 0
vn 1 0 0
vn -0.999978 -0.00660 0
vn 1 0 0
vn -0.00659 0.999978 0
vn 1 0 0
vn 0 0 1
vn 1 0 0
vn -0.00659 0.999978 0
vn 0.999978 0.00660 0
vn 0 0 1
vn -0.00659 0.999978 0
vn 0.999978 0.00660 0
vn 0 0 -1
vn 0 0 -1
vn 0.999978 0.00660 0
vn 0.00660 -0.999978 0
vn 1 0 0
vn 1 0 0
vn -0.999978 -0.00660 0
vn 0.00660 -0.999978 0
vn 0.999978 0.00660 0
vn 0 0 1
vn 0.00660 -0.999978 0
vn 1 0 0
vn 0 0 1
vn 1 0 0
vn 1 0 0
vn 1 0 0
vn -0.999978 -0.00660 0
vn 0 1 0
vn 1 0 0
vn 0 0 -1
vn 0 1 0
vn -1 0 0
vn 0 0 -1
vn 0 1 0
vn 0 0 1
vn -1 0 0
vn 0 1 0
vn 0 0 1
vn 1 0 0
vn 0 0 -1
vn 0 -1 0
vn 1 0 0
vn 0 0 -1
vn 0 -1 0
vn -1 0 0
vn 1 0 0
vn 0 -1 0
vn 0 0 1
vn -1 0 0
vn 0 -1 0
vn 0 0 1
vn 0 1 0
vn 1 0 0.00002
vn 0 0 -1
vn 0 1 0
vn -1 0 0
vn 0 0 -1
vn 0 1 0
vn 0 0 1
vn -1 0 0
vn 0 1 0
vn 0 0 1
vn 1 0 0.00002
vn 0 0 -1
vn 0 -1 0
vn 1 0 0.00002
vn 0 0 -1
vn 0 -1 0
vn -1 0 0
vn 1 0 0.00002
vn 0 -1 0
vn 0 0 1
vn -1 0 0
vn 0 -1 0
vn 0 0 1
vn -0.999923 0.00322 -0.01201
vn 0.00309 0.999939 0.01056
vn 0.01205 0.01052 -0.999872
vn -0.999923 0.00322 -0.01201
vn -0.00309 -0.999939 -0.01056
vn 0.01205 0.01052 -0.999872
vn -0.999923 0.00322 -0.01201
vn -0.01205 -0.01052 0.999872
vn -0.00309 -0.999939 -0.01056
vn -0.999923 0.00322 -0.01201
vn -0.01205 -0.01052 0.999872
vn 0.00309 0.999939 0.01056
vn 0.01205 0.01052 -0.999872
vn 0.999923 -0.00321 0.01201
vn 0.00309 0.999939 0.01056
vn 0.01205 0.01052 -0.999872
vn 0.999923 -0.00321 0.01201
vn -0.00309 -0.999939 -0.01056
vn 0.00309 0.999939 0.01056
vn 0.999923 -0.00321 0.01201
vn -0.01205 -0.01052 0.999872
vn -0.00309 -0.999939 -0.01056
vn 0.999923 -0.00321 0.01201
vn -0.01205 -0.01052 0.999872
vn 0 1 0
vn 1 0 0
vn 0 0 -1
vn 0 1 0
vn -1 0 0
vn 0 0 -1
vn 0 1 0
vn 0 0 1
vn -1 0 0
vn 0 1 0
vn 0 0 1
vn 1 0 0
vn 0 0 -1
vn 0 -1 0
vn 1 0 0
vn 0 0 -1
vn 0 -1 0
vn -1 0 0
vn 1 0 0
vn 0 -1 0
vn 0 0 1
vn -1 0 0
vn 0 -1 0
vn 0 0 1
vn -0.999922 0.00323 -0.01203
vn 0.00309 0.999939 0.01056
vn 0.01205 0.01052 -0.999872
vn -0.999922 0.00323 -0.01203
vn -0.00309 -0.999939 -0.01056
vn 0.01205 0.01052 -0.999872
vn -0.999922 0.00323 -0.01203
vn -0.01205 -0.01052 0.999872
vn -0.00309 -0.999939 -0.01056
vn -0.999922 0.00323 -0.01203
vn -0.01205 -0.01052 0.999872
vn 0.00309 0.999939 0.01056
vn 0.01205 0.01052 -0.999872
vn 0.999923 -0.00322 0.01201
vn 0.00309 0.999939 0.01056
vn 0.01205 0.01052 -0.999872
vn 0.999923 -0.00322 0.01201
vn -0.00309 -0.999939 -0.01056
vn 0.00309 0.999939 0.01056
vn 0.999923 -0.00322 0.01201
vn -0.01205 -0.01052 0.999872
vn -0.00309 -0.999939 -0.01056
vn 0.999923 -0.00322 0.01201
vn -0.01205 -0.01052 0.999872

# No. texture coordinates 146:
vt 0.37667 0.74927
vt 0.37590 0.50349
vt 0.12546 0.75591
vt 0.24915 0.75597
vt 0.24911 0.999932
vt 0.12583 0.999911
vt 0.50066 0.75001
vt 0.50002 0.50252
vt 0.25395 0.76186
vt 0.36922 0.76186
vt 0.36922 0.99181
vt 0.25395 0.99181
vt 1 1
vt 1 0
vt 0.12383 0.50126
vt 0.12418 0.75032
vt 0.00209 0.75348
vt 0.00133 0.50333
vt 0.12569 0.50332
vt 0.25078 0.50329
vt 0.25111 0.74884
vt 0.12624 0.74751
vt 0.24931 0.50422
vt 0.37488 0.50642
vt 0.37493 0.74962
vt 0.25010 0.74726
vt 0.43942 0.50107
vt 0.31304 0.49452
vt 0.31459 0.37352
vt 0.44096 0.38007
vt 0.62222 0.37526
vt 0.62550 0.00575
vt 0.50896 0.00051
vt 0.50568 0.37002
vt 0.50000 -0.00517
vt 0.50000 0.37078
vt 0.44121 0.37078
vt 0.44121 -0.00517
vt 0.30916 0.37336
vt 0.30916 -0.00251
vt 0.24963 -0.00251
vt 0.24963 0.37336
vt 0.31274 0.37222
vt 0.31274 0.00024
vt 0.43889 0.00024
vt 0.43889 0.37222
vt 0.18367 0.49436
vt 0.12758 0.49661
vt 0.12933 0.38243
vt 0.18543 0.38018
vt 0.12456 0.37284
vt 0.12328 0.49573
vt 0.06226 0.49733
vt 0.06354 0.37444
vt 0.25021 0.37049
vt 0.25021 0.00137
vt 0.19064 -0.00131
vt 0.19064 0.36781
vt 0.00081 0.00962
vt 0.00081 0.37773
vt 0.05951 0.37773
vt 0.05951 0.00962
vt 0.00088 0.37336
vt 0.00088 0.01007
vt 0.06299 0.01007
vt 0.06299 0.37336
vt 0.06559 0.37591
vt 0.06538 0.00347
vt 0.12495 0.00334
vt 0.12516 0.37577
vt 0.17907 0.48994
vt 0.13039 0.48673
vt 0.12908 0.39799
vt 0.17776 0.40121
vt 0.81075 0.38591
vt 0.81127 0.49973
vt 0.75968 0.49973
vt 0.75915 0.38592
vt 0.74719 0.00197
vt 0.74835 0.36456
vt 0.69304 0.36466
vt 0.69188 0.00208
vt 0.69235 0.37221
vt 0.69712 0.00677
vt 0.75524 0.00703
vt 0.75047 0.37247
vt 0.75223 0.00355
vt 0.75394 0.37240
vt 0.69057 0.37861
vt 0.68885 0.00976
vt 0.75609 0.00696
vt 0.75669 0.36321
vt 0.68955 0.36471
vt 0.68895 0.00846
vt 0.68692 0.37817
vt 0.74993 0.37817
vt 0.74929 0.50074
vt 0.68628 0.50074
vt 0.12271 0.37751
vt 0.12279 0.48694
vt 0.06217 0.48995
vt 0.06210 0.38052
vt 0.25021 0.37317
vt 0.25021 0.00137
vt 0.18796 -0.00131
vt 0.18796 0.37049
vt 0.18753 0.00007
vt 0.18752 0.37078
vt 0.12590 0.37078
vt 0.12590 0.00007
vt -0.00367 0.36814
vt 0.00376 -0.00228
vt 0.06596 -0.00253
vt 0.05853 0.36789
vt 0.06805 0.36524
vt 0.06805 0.00393
vt 0.12248 0.00393
vt 0.12248 0.36524
vt 0.18580 0.49609
vt 0.12915 0.49609
vt 0.13034 0.38460
vt 0.18698 0.38460
vt 0.68993 0.49556
vt 0.68934 0.38042
vt 0.74815 0.38042
vt 0.74875 0.49556
vt 0.69110 0.37716
vt 0.69383 0.00191
vt 0.74750 0.00840
vt 0.75315 0.37525
vt 0.69008 0.00395
vt 0.69183 0.37536
vt 0.75161 0.36926
vt 0.74986 -0.00215
vt 0.68833 0.37499
vt 0.68833 0.00599
vt 0.74882 0.00006
vt 0.74882 0.36906
vt 0.68884 0.36957
vt 0.68760 0.00433
vt 0.75116 0.00059
vt 0.75240 0.36583
vt 0.81312 0.49610
vt 0.75790 0.49880
vt 0.75972 0.38934
vt 0.81425 0.38797

# No. faces 40:

usemtl material01

f 1/1/41 2/2/45 3/2/49 4/1/52
f 5/3/55 6/4/59 7/5/62 1/6/44
f 1/1/43 7/7/64 8/8/65 2/2/48
f 5/3/58 1/6/42 4/6/54 9/3/68
f 10/9/71 11/10/74 2/11/47 8/12/67
f 2/13/46 11/14/77 12/14/78 3/13/51
f 12/15/80 9/16/70 4/17/53 3/18/50
f 11/19/76 10/20/73 6/21/61 5/22/57
f 11/19/75 5/22/56 9/22/69 12/19/79
f 10/23/72 8/24/66 7/25/63 6/26/60
f 13/27/81 14/28/84 15/29/87 16/30/90
f 13/31/83 17/32/93 18/33/96 14/34/86
f 17/35/95 13/36/82 16/37/92 19/38/99
f 14/39/85 18/40/98 20/41/102 15/42/89
f 15/43/88 20/44/104 19/45/101 16/46/91
f 17/47/94 19/48/100 20/49/103 18/50/97
f 21/51/105 22/52/108 23/53/111 24/54/114
f 21/55/107 25/56/117 26/57/120 22/58/110
f 25/59/119 21/60/106 24/61/116 27/62/123
f 22/63/109 26/64/122 28/65/126 23/66/113
f 23/67/112 28/68/128 27/69/125 24/70/115
f 25/71/118 27/72/124 28/73/127 26/74/121
f 29/75/129 30/76/132 31/77/135 32/78/138
f 29/79/131 33/80/141 34/81/144 30/82/134
f 33/83/143 29/84/130 32/85/140 35/86/147
f 30/87/133 34/88/146 36/89/150 31/90/137
f 31/91/136 36/92/152 35/93/149 32/94/139
f 33/95/142 35/96/148 36/97/151 34/98/145
f 37/99/153 38/100/156 39/101/159 40/102/162
f 37/103/155 41/104/165 42/105/168 38/106/158
f 41/107/167 37/108/154 40/109/164 43/110/171
f 38/111/157 42/112/170 44/113/174 39/114/161
f 39/115/160 44/116/176 43/117/173 40/118/163
f 41/119/166 43/120/172 44/121/175 42/122/169
f 45/123/177 46/124/180 47/125/183 48/126/186
f 45/127/179 49/128/189 50/129/192 46/130/182
f 49/131/191 45/132/178 48/133/188 51/134/195
f 46/135/181 50/136/194 52/137/198 47/138/185
f 47/139/184 52/140/200 51/141/197 48/142/187
f 49/143/190 51/144/196 52/145/199 50/146/193

# End of Object "obj1"
