# Created with Anim8or 1.00
# Object "skin":

mtllib S_arm.mtl

g mesh01
# No. points 10:
v -0.57883 0.49721 -0.52156
v -0.57883 0.49721 0.52162
v -0.58009 -2.47028 -0.54888
v 0.55608 -2.47379 -0.56088
v 0.56707 -2.48637 0.48217
v -0.56911 -2.48285 0.49417
v -0.57044 0.52420 -0.51288
v 0.56573 0.52068 -0.52489
v -0.55946 0.51163 0.53017
v 0.57672 0.50811 0.51817

# No. normals 30:
vn -0.00322 -0.999923 -0.01203
vn -0.01053 0.01205 -0.999872
vn -0.999939 0.00310 0.01056
vn 0.999939 -0.00310 -0.01057
vn 0.01052 -0.01205 0.999872
vn 0.00322 0.999923 0.01202
vn -0.00322 -0.999923 -0.01203
vn -0.999939 0.00310 0.01056
vn -0.01053 0.01205 -0.999872
vn -0.00322 -0.999923 -0.01203
vn 0.999939 -0.00310 -0.01057
vn -0.01053 0.01205 -0.999872
vn -0.00322 -0.999923 -0.01203
vn 0.01052 -0.01205 0.999872
vn 0.999939 -0.00310 -0.01057
vn -0.00322 -0.999923 -0.01203
vn 0.01052 -0.01205 0.999872
vn -0.999939 0.00310 0.01056
vn -0.01053 0.01205 -0.999872
vn 0.00322 0.999923 0.01202
vn -0.999939 0.00310 0.01056
vn -0.01053 0.01205 -0.999872
vn 0.00322 0.999923 0.01202
vn 0.999939 -0.00310 -0.01057
vn -0.999939 0.00310 0.01056
vn 0.00322 0.999923 0.01202
vn 0.01052 -0.01205 0.999872
vn 0.999939 -0.00310 -0.01057
vn 0.00322 0.999923 0.01202
vn 0.01052 -0.01205 0.999872

# No. texture coordinates 24:
vt 0.81075 0.38591
vt 0.81127 0.49973
vt 0.75968 0.49973
vt 0.75915 0.38592
vt 0.74719 0.00197
vt 0.74835 0.36456
vt 0.69304 0.36466
vt 0.69188 0.00208
vt 0.69235 0.37221
vt 0.69712 0.00677
vt 0.75524 0.00703
vt 0.75047 0.37247
vt 0.75223 0.00355
vt 0.75394 0.37240
vt 0.69057 0.37861
vt 0.68885 0.00976
vt 0.75609 0.00696
vt 0.75669 0.36321
vt 0.68955 0.36471
vt 0.68895 0.00846
vt 0.68692 0.37817
vt 0.74993 0.37817
vt 0.74929 0.50074
vt 0.68628 0.50074

# No. faces 6:

usemtl skin

f 3/1/7 4/2/10 5/3/13 6/4/16
f 3/5/9 7/6/19 8/7/22 4/8/12
f 7/9/21 3/10/8 6/11/18 9/12/25
f 4/13/11 8/14/24 10/15/28 5/16/15
f 5/17/14 10/18/30 9/19/27 6/20/17
f 7/21/20 9/22/26 10/23/29 8/24/23

# End of Object "skin"
