# Created with Anim8or 1.00
# Object "object01":

mtllib naveD.mtl

# Shape "mesh09":
g mesh09
# No. points 52:
v -1.0283 3.37561 69.0051
v -1.01859 1.3757 69.0021
v -1.01859 1.3757 69.0021
v -1.0283 3.37561 69.0051
v -1.0291 3.37267 71.0051
v 0.97090 3.38236 71.0059
v 0.97170 3.38531 69.0059
v 0.98141 1.38539 69.0029
v -1.0291 3.37267 71.0051
v 0.98062 1.38245 71.0029
v -1.01938 1.37275 71.0021
v -1.01938 1.37275 71.0021
v 1.10622 1.38346 69.4814
v -1.18918 1.38749 69.4805
v -1.18959 1.38596 70.5237
v 1.1058 1.38193 70.5246
v 1.10097 -1.61133 69.477
v -1.19443 -1.6073 69.4761
v 1.10055 -1.61286 70.5202
v -1.19484 -1.60883 70.5193
v -0.03107 -1.60344 69.4766
v -1.16732 -1.60145 69.4761
v -1.16773 -1.60298 70.5193
v -0.03148 -1.60498 70.5197
v -0.03632 -4.59818 69.4721
v -1.17257 -4.59619 69.4717
v -0.03674 -4.59972 70.5153
v -1.17298 -4.59772 70.5149
v -4.15666 1.39394 69.452
v -4.16215 0.25776 69.4383
v -4.17518 0.24535 70.4814
v -4.16969 1.38142 70.495
v -1.1622 1.37903 69.4892
v -1.16778 0.24286 69.4755
v -1.17523 1.36652 70.5322
v -1.18072 0.23035 70.5185
v 1.10828 -1.60544 69.477
v -0.02798 -1.60345 69.4766
v -0.02840 -1.60498 70.5197
v 1.10786 -1.60697 70.5202
v 1.10303 -4.60018 69.4726
v -0.03323 -4.59819 69.4721
v 1.10261 -4.60172 70.5158
v -0.03365 -4.59972 70.5153
v 1.08893 1.38474 69.4541
v 1.08344 0.24856 69.4404
v 1.07041 0.23615 70.4834
v 1.076 1.37222 70.4971
v 4.0834 1.36983 69.4912
v 4.07791 0.23366 69.4776
v 4.07036 1.35732 70.5343
v 4.06487 0.22115 70.5206

# No. normals 200:
vn 1 0 0
vn -0.00485 0.999987 0.00147
vn 0.00040 0.00147 -0.999999
vn 1 0 0
vn 0.00485 -0.999987 -0.00147
vn 1 0 0
vn -0.999988 -0.00486 -0.00040
vn -0.00040 -0.00147 0.999999
vn 1 0 0
vn 0.999988 0.00486 0.00040
vn 0.00175 0.999997 0.00147
vn 0.00040 0.00147 -0.999999
vn 0.999998 -0.00175 0.00039
vn -0.999998 0.00175 -0.00039
vn -0.00040 -0.00147 0.999999
vn -0.00175 -0.999997 -0.00147
vn 0.00175 0.999997 0.00147
vn 0.00040 0.00147 -0.999999
vn 0.999998 -0.00175 0.00039
vn -0.999998 0.00175 -0.00039
vn -0.00040 -0.00147 0.999999
vn -0.00175 -0.999997 -0.00147
vn -0.99991 0.00498 -0.01244
vn 0.01247 0.01198 -0.99985
vn 0.00483 0.999916 0.01205
vn -0.00483 -0.999916 -0.01205
vn -0.01247 -0.01197 0.999851
vn 0.999911 -0.00498 0.01234
vn 0.00175 0.999997 0.00147
vn 0.00040 0.00147 -0.999999
vn 0.999998 -0.00175 0.00039
vn -0.999998 0.00175 -0.00039
vn -0.00040 -0.00147 0.999999
vn -0.00175 -0.999997 -0.00147
vn -0.99991 0.00507 -0.01243
vn 0.01247 0.01198 -0.99985
vn 0.00483 0.999916 0.01205
vn -0.00486 -0.999916 -0.01206
vn -0.01247 -0.01197 0.999851
vn 0.99991 -0.00498 0.01243
vn -0.00040 -0.00147 0.999999
vn -0.00040 -0.00147 0.999999
vn 0.00040 0.00147 -0.999999
vn -0.00485 0.999987 0.00147
vn -0.00040 -0.00147 0.999999
vn -0.00040 -0.00147 0.999999
vn 0.00485 -0.999987 -0.00147
vn 0.00040 0.00147 -0.999999
vn -0.00040 -0.00147 0.999999
vn -0.999988 -0.00486 -0.00040
vn -0.00040 -0.00147 0.999999
vn -0.00040 -0.00147 0.999999
vn -0.999988 -0.00486 -0.00040
vn -0.00040 -0.00147 0.999999
vn -0.00485 0.999987 0.00147
vn -0.00040 -0.00147 0.999999
vn -0.00040 -0.00147 0.999999
vn -0.00040 -0.00147 0.999999
vn -0.00485 0.999987 0.00147
vn 0.999988 0.00486 0.00040
vn -0.00040 -0.00147 0.999999
vn -0.00485 0.999987 0.00147
vn 0.999988 0.00486 0.00040
vn 0.00040 0.00147 -0.999999
vn 0.00040 0.00147 -0.999999
vn 0.999988 0.00486 0.00040
vn 0.00485 -0.999987 -0.00147
vn -0.00040 -0.00147 0.999999
vn -0.00040 -0.00147 0.999999
vn -0.999988 -0.00486 -0.00040
vn 0.00485 -0.999987 -0.00147
vn 0.999988 0.00486 0.00040
vn -0.00040 -0.00147 0.999999
vn 0.00485 -0.999987 -0.00147
vn -0.00040 -0.00147 0.999999
vn -0.00040 -0.00147 0.999999
vn -0.00040 -0.00147 0.999999
vn -0.00040 -0.00147 0.999999
vn -0.00040 -0.00147 0.999999
vn -0.999988 -0.00486 -0.00040
vn 0.00175 0.999997 0.00147
vn 0.999998 -0.00175 0.00039
vn 0.00040 0.00147 -0.999999
vn 0.00175 0.999997 0.00147
vn -0.999998 0.00175 -0.00039
vn 0.00040 0.00147 -0.999999
vn 0.00175 0.999997 0.00147
vn -0.00040 -0.00147 0.999999
vn -0.999998 0.00175 -0.00039
vn 0.00175 0.999997 0.00147
vn -0.00040 -0.00147 0.999999
vn 0.999998 -0.00175 0.00039
vn 0.00040 0.00147 -0.999999
vn -0.00175 -0.999997 -0.00147
vn 0.999998 -0.00175 0.00039
vn 0.00040 0.00147 -0.999999
vn -0.00175 -0.999997 -0.00147
vn -0.999998 0.00175 -0.00039
vn 0.999998 -0.00175 0.00039
vn -0.00175 -0.999997 -0.00147
vn -0.00040 -0.00147 0.999999
vn -0.999998 0.00175 -0.00039
vn -0.00175 -0.999997 -0.00147
vn -0.00040 -0.00147 0.999999
vn 0.00175 0.999997 0.00147
vn 0.999998 -0.00175 0.00039
vn 0.00040 0.00147 -0.999999
vn 0.00175 0.999997 0.00147
vn -0.999998 0.00175 -0.00039
vn 0.00040 0.00147 -0.999999
vn 0.00175 0.999997 0.00147
vn -0.00040 -0.00147 0.999999
vn -0.999998 0.00175 -0.00039
vn 0.00175 0.999997 0.00147
vn -0.00040 -0.00147 0.999999
vn 0.999998 -0.00175 0.00039
vn 0.00040 0.00147 -0.999999
vn -0.00175 -0.999997 -0.00147
vn 0.999998 -0.00175 0.00039
vn 0.00040 0.00147 -0.999999
vn -0.00175 -0.999997 -0.00147
vn -0.999998 0.00175 -0.00039
vn 0.999998 -0.00175 0.00039
vn -0.00175 -0.999997 -0.00147
vn -0.00040 -0.00147 0.999999
vn -0.999998 0.00175 -0.00039
vn -0.00175 -0.999997 -0.00147
vn -0.00040 -0.00147 0.999999
vn -0.99991 0.00498 -0.01244
vn 0.00483 0.999916 0.01205
vn 0.01247 0.01198 -0.99985
vn -0.99991 0.00498 -0.01244
vn -0.00483 -0.999916 -0.01205
vn 0.01247 0.01198 -0.99985
vn -0.99991 0.00498 -0.01244
vn -0.01247 -0.01197 0.999851
vn -0.00483 -0.999916 -0.01205
vn -0.99991 0.00498 -0.01244
vn -0.01247 -0.01197 0.999851
vn 0.00483 0.999916 0.01205
vn 0.01247 0.01198 -0.99985
vn 0.999911 -0.00498 0.01234
vn 0.00483 0.999916 0.01205
vn 0.01247 0.01198 -0.99985
vn 0.999911 -0.00498 0.01234
vn -0.00483 -0.999916 -0.01205
vn 0.00483 0.999916 0.01205
vn 0.999911 -0.00498 0.01234
vn -0.01247 -0.01197 0.999851
vn -0.00483 -0.999916 -0.01205
vn 0.999911 -0.00498 0.01234
vn -0.01247 -0.01197 0.999851
vn 0.00175 0.999997 0.00147
vn 0.999998 -0.00175 0.00039
vn 0.00040 0.00147 -0.999999
vn 0.00175 0.999997 0.00147
vn -0.999998 0.00175 -0.00039
vn 0.00040 0.00147 -0.999999
vn 0.00175 0.999997 0.00147
vn -0.00040 -0.00147 0.999999
vn -0.999998 0.00175 -0.00039
vn 0.00175 0.999997 0.00147
vn -0.00040 -0.00147 0.999999
vn 0.999998 -0.00175 0.00039
vn 0.00040 0.00147 -0.999999
vn -0.00175 -0.999997 -0.00147
vn 0.999998 -0.00175 0.00039
vn 0.00040 0.00147 -0.999999
vn -0.00175 -0.999997 -0.00147
vn -0.999998 0.00175 -0.00039
vn 0.999998 -0.00175 0.00039
vn -0.00175 -0.999997 -0.00147
vn -0.00040 -0.00147 0.999999
vn -0.999998 0.00175 -0.00039
vn -0.00175 -0.999997 -0.00147
vn -0.00040 -0.00147 0.999999
vn -0.99991 0.00507 -0.01243
vn 0.00483 0.999916 0.01205
vn 0.01247 0.01198 -0.99985
vn -0.99991 0.00507 -0.01243
vn -0.00486 -0.999916 -0.01206
vn 0.01247 0.01198 -0.99985
vn -0.99991 0.00507 -0.01243
vn -0.01247 -0.01197 0.999851
vn -0.00486 -0.999916 -0.01206
vn -0.99991 0.00507 -0.01243
vn -0.01247 -0.01197 0.999851
vn 0.00483 0.999916 0.01205
vn 0.01247 0.01198 -0.99985
vn 0.99991 -0.00498 0.01243
vn 0.00483 0.999916 0.01205
vn 0.01247 0.01198 -0.99985
vn 0.99991 -0.00498 0.01243
vn -0.00486 -0.999916 -0.01206
vn 0.00483 0.999916 0.01205
vn 0.99991 -0.00498 0.01243
vn -0.01247 -0.01197 0.999851
vn -0.00486 -0.999916 -0.01206
vn 0.99991 -0.00498 0.01243
vn -0.01247 -0.01197 0.999851

# No. texture coordinates 146:
vt 0.37667 0.74927
vt 0.37590 0.50349
vt 0.12546 0.75591
vt 0.24915 0.75597
vt 0.24911 0.99993
vt 0.12583 0.99991
vt 0.50066 0.75001
vt 0.50002 0.50252
vt 0.25395 0.76186
vt 0.36922 0.76186
vt 0.36922 0.99181
vt 0.25395 0.99181
vt 1 1
vt 1 0
vt 0.12383 0.50126
vt 0.12418 0.75032
vt 0.00209 0.75348
vt 0.00133 0.50333
vt 0.12569 0.50332
vt 0.25078 0.50329
vt 0.25111 0.74884
vt 0.12624 0.74751
vt 0.24931 0.50422
vt 0.37488 0.50642
vt 0.37493 0.74962
vt 0.25010 0.74726
vt 0.43942 0.50107
vt 0.31304 0.49452
vt 0.31459 0.37352
vt 0.44096 0.38007
vt 0.62222 0.37526
vt 0.62550 0.00575
vt 0.50896 0.00051
vt 0.50568 0.37002
vt 0.50000 -0.00517
vt 0.50000 0.37078
vt 0.44121 0.37078
vt 0.44121 -0.00517
vt 0.30916 0.37336
vt 0.30916 -0.00251
vt 0.24963 -0.00251
vt 0.24963 0.37336
vt 0.31274 0.37222
vt 0.31274 0.00024
vt 0.43889 0.00024
vt 0.43889 0.37222
vt 0.18367 0.49436
vt 0.12758 0.49661
vt 0.12933 0.38243
vt 0.18543 0.38018
vt 0.12456 0.37284
vt 0.12328 0.49573
vt 0.06226 0.49733
vt 0.06354 0.37444
vt 0.25021 0.37049
vt 0.25021 0.00137
vt 0.19064 -0.00131
vt 0.19064 0.36781
vt 0.00081 0.00962
vt 0.00081 0.37773
vt 0.05951 0.37773
vt 0.05951 0.00962
vt 0.00088 0.37336
vt 0.00088 0.01007
vt 0.06299 0.01007
vt 0.06299 0.37336
vt 0.06559 0.37591
vt 0.06538 0.00347
vt 0.12495 0.00334
vt 0.12516 0.37577
vt 0.17907 0.48994
vt 0.13039 0.48673
vt 0.12908 0.39799
vt 0.17776 0.40121
vt 0.81075 0.38591
vt 0.81127 0.49973
vt 0.75968 0.49973
vt 0.75915 0.38592
vt 0.74719 0.00197
vt 0.74835 0.36456
vt 0.69304 0.36466
vt 0.69188 0.00208
vt 0.69235 0.37221
vt 0.69712 0.00677
vt 0.75524 0.00703
vt 0.75047 0.37247
vt 0.75223 0.00355
vt 0.75394 0.37240
vt 0.69057 0.37861
vt 0.68885 0.00976
vt 0.75609 0.00696
vt 0.75669 0.36321
vt 0.68955 0.36471
vt 0.68895 0.00846
vt 0.68692 0.37817
vt 0.74993 0.37817
vt 0.74929 0.50074
vt 0.68628 0.50074
vt 0.12271 0.37751
vt 0.12279 0.48694
vt 0.06217 0.48995
vt 0.06210 0.38052
vt 0.25021 0.37317
vt 0.25021 0.00137
vt 0.18796 -0.00131
vt 0.18796 0.37049
vt 0.18753 0.00007
vt 0.18752 0.37078
vt 0.12590 0.37078
vt 0.12590 0.00007
vt -0.00367 0.36814
vt 0.00376 -0.00228
vt 0.06596 -0.00253
vt 0.05853 0.36789
vt 0.06805 0.36524
vt 0.06805 0.00393
vt 0.12248 0.00393
vt 0.12248 0.36524
vt 0.18580 0.49609
vt 0.12915 0.49609
vt 0.13034 0.38460
vt 0.18698 0.38460
vt 0.68993 0.49556
vt 0.68934 0.38042
vt 0.74815 0.38042
vt 0.74875 0.49556
vt 0.69110 0.37716
vt 0.69383 0.00191
vt 0.74750 0.00840
vt 0.75315 0.37525
vt 0.69008 0.00395
vt 0.69183 0.37536
vt 0.75161 0.36926
vt 0.74986 -0.00215
vt 0.68833 0.37499
vt 0.68833 0.00599
vt 0.74882 0.00006
vt 0.74882 0.36906
vt 0.68884 0.36957
vt 0.68760 0.00433
vt 0.75116 0.00059
vt 0.75240 0.36583
vt 0.81312 0.49610
vt 0.75790 0.49880
vt 0.75972 0.38934
vt 0.81425 0.38797

# No. faces 40:

usemtl Steve

f 1/1/41 2/2/45 3/2/49 4/1/52
f 5/3/55 6/4/59 7/5/62 1/6/44
f 1/1/43 7/7/64 8/8/65 2/2/48
f 5/3/58 1/6/42 4/6/54 9/3/68
f 10/9/71 11/10/74 2/11/47 8/12/67
f 2/13/46 11/14/77 12/14/78 3/13/51
f 12/15/80 9/16/70 4/17/53 3/18/50
f 11/19/76 10/20/73 6/21/61 5/22/57
f 11/19/75 5/22/56 9/22/69 12/19/79
f 10/23/72 8/24/66 7/25/63 6/26/60
f 13/27/81 14/28/84 15/29/87 16/30/90
f 13/31/83 17/32/93 18/33/96 14/34/86
f 17/35/95 13/36/82 16/37/92 19/38/99
f 14/39/85 18/40/98 20/41/102 15/42/89
f 15/43/88 20/44/104 19/45/101 16/46/91
f 17/47/94 19/48/100 20/49/103 18/50/97
f 21/51/105 22/52/108 23/53/111 24/54/114
f 21/55/107 25/56/117 26/57/120 22/58/110
f 25/59/119 21/60/106 24/61/116 27/62/123
f 22/63/109 26/64/122 28/65/126 23/66/113
f 23/67/112 28/68/128 27/69/125 24/70/115
f 25/71/118 27/72/124 28/73/127 26/74/121
f 29/75/129 30/76/132 31/77/135 32/78/138
f 29/79/131 33/80/141 34/81/144 30/82/134
f 33/83/143 29/84/130 32/85/140 35/86/147
f 30/87/133 34/88/146 36/89/150 31/90/137
f 31/91/136 36/92/152 35/93/149 32/94/139
f 33/95/142 35/96/148 36/97/151 34/98/145
f 37/99/153 38/100/156 39/101/159 40/102/162
f 37/103/155 41/104/165 42/105/168 38/106/158
f 41/107/167 37/108/154 40/109/164 43/110/171
f 38/111/157 42/112/170 44/113/174 39/114/161
f 39/115/160 44/116/176 43/117/173 40/118/163
f 41/119/166 43/120/172 44/121/175 42/122/169
f 45/123/177 46/124/180 47/125/183 48/126/186
f 45/127/179 49/128/189 50/129/192 46/130/182
f 49/131/191 45/132/178 48/133/188 51/134/195
f 46/135/181 50/136/194 52/137/198 47/138/185
f 47/139/184 52/140/200 51/141/197 48/142/187
f 49/143/190 51/144/196 52/145/199 50/146/193

# Shape "mesh08":
g mesh08
# No. points 8:
v -25 10 75
v -25 25 25
v -50 10 50
v -75 10 25
v -25 -10 75
v -25 -25 25
v -50 -10 50
v -75 -10 25

# No. normals 28:
vn -0.70711 0 0.70711
vn 0 0 -1
vn -0.27617 0.92057 0.27617
vn -0.27617 -0.92057 0.27617
vn -0.70711 0 0.70711
vn 1 0 0
vn -0.70711 0 0.70711
vn 1 0 0
vn -0.27617 0.92057 0.27617
vn 0 0 -1
vn 1 0 0
vn -0.27617 0.92057 0.27617
vn -0.70711 0 0.70711
vn -0.27617 0.92057 0.27617
vn 0 0 -1
vn -0.70711 0 0.70711
vn -0.27617 0.92057 0.27617
vn -0.70711 0 0.70711
vn 1 0 0
vn -0.27617 -0.92057 0.27617
vn 0 0 -1
vn 1 0 0
vn -0.27617 -0.92057 0.27617
vn -0.70711 0 0.70711
vn -0.27617 -0.92057 0.27617
vn 0 0 -1
vn -0.70711 0 0.70711
vn -0.27617 -0.92057 0.27617

# No. texture coordinates 8:
vt 0 0
vt 0 0
vt 0 1
vt 0 1
vt 1 0
vt 1 0
vt 1 1
vt 1 1

# No. faces 6:

usemtl material02

f 55/149/213 59/153/224 57/151/218 53/147/207
f 58/152/221 60/154/226 56/150/215 54/148/210
f 54/148/212 56/150/217 55/149/214 53/147/209
f 59/153/225 60/154/228 58/152/223 57/151/220
f 56/150/216 60/154/227 59/153/224 55/149/213
f 57/151/219 58/152/222 54/148/211 53/147/208

# Shape "mesh07":
g mesh07
# No. points 8:
v 25 10 -75
v 25 25 -25
v 50 10 -50
v 75 10 -25
v 25 -10 -75
v 25 -25 -25
v 50 -10 -50
v 75 -10 -25

# No. normals 28:
vn 0.70711 0 -0.70711
vn 0 0 1
vn 0.27617 0.92057 -0.27617
vn 0.27617 -0.92057 -0.27617
vn 0.70711 0 -0.70711
vn -1 0 0
vn 0.70711 0 -0.70711
vn -1 0 0
vn 0.27617 0.92057 -0.27617
vn 0 0 1
vn -1 0 0
vn 0.27617 0.92057 -0.27617
vn 0.70711 0 -0.70711
vn 0.27617 0.92057 -0.27617
vn 0 0 1
vn 0.70711 0 -0.70711
vn 0.27617 0.92057 -0.27617
vn 0.70711 0 -0.70711
vn -1 0 0
vn 0.27617 -0.92057 -0.27617
vn 0 0 1
vn -1 0 0
vn 0.27617 -0.92057 -0.27617
vn 0.70711 0 -0.70711
vn 0.27617 -0.92057 -0.27617
vn 0 0 1
vn 0.70711 0 -0.70711
vn 0.27617 -0.92057 -0.27617

# No. texture coordinates 8:
vt 0 0
vt 0 0
vt 0 1
vt 0 1
vt 1 0
vt 1 0
vt 1 1
vt 1 1

# No. faces 6:

usemtl material02

f 63/157/241 67/161/252 65/159/246 61/155/235
f 66/160/249 68/162/254 64/158/243 62/156/238
f 62/156/240 64/158/245 63/157/242 61/155/237
f 67/161/253 68/162/256 66/160/251 65/159/248
f 64/158/244 68/162/255 67/161/252 63/157/241
f 65/159/247 66/160/250 62/156/239 61/155/236

# Shape "mesh06":
g mesh06
# No. points 8:
v -25 -10 -75
v -25 -25 -25
v -50 -10 -50
v -75 -10 -25
v -25 10 -75
v -25 25 -25
v -50 10 -50
v -75 10 -25

# No. normals 28:
vn -0.70711 0 -0.70711
vn 0 0 1
vn -0.27617 -0.92057 -0.27617
vn -0.27617 0.92057 -0.27617
vn -0.70711 0 -0.70711
vn 1 0 0
vn -0.70711 0 -0.70711
vn 1 0 0
vn -0.27617 -0.92057 -0.27617
vn 0 0 1
vn 1 0 0
vn -0.27617 -0.92057 -0.27617
vn -0.70711 0 -0.70711
vn -0.27617 -0.92057 -0.27617
vn 0 0 1
vn -0.70711 0 -0.70711
vn -0.27617 -0.92057 -0.27617
vn -0.70711 0 -0.70711
vn 1 0 0
vn -0.27617 0.92057 -0.27617
vn 0 0 1
vn 1 0 0
vn -0.27617 0.92057 -0.27617
vn -0.70711 0 -0.70711
vn -0.27617 0.92057 -0.27617
vn 0 0 1
vn -0.70711 0 -0.70711
vn -0.27617 0.92057 -0.27617

# No. texture coordinates 8:
vt 0 0
vt 0 0
vt 0 1
vt 0 1
vt 1 0
vt 1 0
vt 1 1
vt 1 1

# No. faces 6:

usemtl material02

f 71/165/269 75/169/280 73/167/274 69/163/263
f 74/168/277 76/170/282 72/166/271 70/164/266
f 70/164/268 72/166/273 71/165/270 69/163/265
f 75/169/281 76/170/284 74/168/279 73/167/276
f 72/166/272 76/170/283 75/169/280 71/165/269
f 73/167/275 74/168/278 70/164/267 69/163/264

# Shape "mesh05":
g mesh05
# No. points 8:
v 25 -10 75
v 25 -25 25
v 50 -10 50
v 75 -10 25
v 25 10 75
v 25 25 25
v 50 10 50
v 75 10 25

# No. normals 28:
vn 0.70711 0 0.70711
vn 0 0 -1
vn 0.27617 -0.92057 0.27617
vn 0.27617 0.92057 0.27617
vn 0.70711 0 0.70711
vn -1 0 0
vn 0.70711 0 0.70711
vn -1 0 0
vn 0.27617 -0.92057 0.27617
vn 0 0 -1
vn -1 0 0
vn 0.27617 -0.92057 0.27617
vn 0.70711 0 0.70711
vn 0.27617 -0.92057 0.27617
vn 0 0 -1
vn 0.70711 0 0.70711
vn 0.27617 -0.92057 0.27617
vn 0.70711 0 0.70711
vn -1 0 0
vn 0.27617 0.92057 0.27617
vn 0 0 -1
vn -1 0 0
vn 0.27617 0.92057 0.27617
vn 0.70711 0 0.70711
vn 0.27617 0.92057 0.27617
vn 0 0 -1
vn 0.70711 0 0.70711
vn 0.27617 0.92057 0.27617

# No. texture coordinates 8:
vt 0 0
vt 0 0
vt 0 1
vt 0 1
vt 1 0
vt 1 0
vt 1 1
vt 1 1

# No. faces 6:

usemtl material02

f 79/173/297 83/177/308 81/175/302 77/171/291
f 82/176/305 84/178/310 80/174/299 78/172/294
f 78/172/296 80/174/301 79/173/298 77/171/293
f 83/177/309 84/178/312 82/176/307 81/175/304
f 80/174/300 84/178/311 83/177/308 79/173/297
f 81/175/303 82/176/306 78/172/295 77/171/292

# Shape "mesh04":
g mesh04
# No. points 8:
v -25 -25 -25
v -25 -25 25
v -75 -10 -25
v -75 -10 25
v -25 25 -25
v -25 25 25
v -75 10 -25
v -75 10 25

# No. normals 30:
vn 0 0 -1
vn 0 0 1
vn -0.28735 -0.95783 0
vn -0.28735 0.95783 0
vn -1 0 0
vn 1 0 0
vn 0 0 -1
vn 1 0 0
vn -0.28735 -0.95783 0
vn 0 0 1
vn 1 0 0
vn -0.28735 -0.95783 0
vn 0 0 -1
vn -1 0 0
vn -0.28735 -0.95783 0
vn 0 0 1
vn -1 0 0
vn -0.28735 -0.95783 0
vn 0 0 -1
vn 1 0 0
vn -0.28735 0.95783 0
vn 0 0 1
vn 1 0 0
vn -0.28735 0.95783 0
vn 0 0 -1
vn -1 0 0
vn -0.28735 0.95783 0
vn 0 0 1
vn -1 0 0
vn -0.28735 0.95783 0

# No. texture coordinates 8:
vt 0 0
vt 0 0
vt 0 1
vt 0 1
vt 1 0
vt 1 0
vt 1 1
vt 1 1

# No. faces 6:

usemtl material01

f 87/181/325 91/185/337 89/183/331 85/179/319
f 90/184/334 92/186/340 88/182/328 86/180/322
f 86/180/324 88/182/330 87/181/327 85/179/321
f 91/185/339 92/186/342 90/184/336 89/183/333
f 88/182/329 92/186/341 91/185/338 87/181/326
f 89/183/332 90/184/335 86/180/323 85/179/320

# Shape "mesh03":
g mesh03
# No. points 8:
v 25 -25 25
v 25 -25 -25
v 75 -10 25
v 75 -10 -25
v 25 25 25
v 25 25 -25
v 75 10 25
v 75 10 -25

# No. normals 30:
vn 0 0 1
vn 0 0 -1
vn 0.28735 -0.95783 0
vn 0.28735 0.95783 0
vn 1 0 0
vn -1 0 0
vn 0 0 1
vn -1 0 0
vn 0.28735 -0.95783 0
vn 0 0 -1
vn -1 0 0
vn 0.28735 -0.95783 0
vn 0 0 1
vn 1 0 0
vn 0.28735 -0.95783 0
vn 0 0 -1
vn 1 0 0
vn 0.28735 -0.95783 0
vn 0 0 1
vn -1 0 0
vn 0.28735 0.95783 0
vn 0 0 -1
vn -1 0 0
vn 0.28735 0.95783 0
vn 0 0 1
vn 1 0 0
vn 0.28735 0.95783 0
vn 0 0 -1
vn 1 0 0
vn 0.28735 0.95783 0

# No. texture coordinates 8:
vt 0 0
vt 0 0
vt 0 1
vt 0 1
vt 1 0
vt 1 0
vt 1 1
vt 1 1

# No. faces 6:

usemtl material01

f 95/189/355 99/193/367 97/191/361 93/187/349
f 98/192/364 100/194/370 96/190/358 94/188/352
f 94/188/354 96/190/360 95/189/357 93/187/351
f 99/193/369 100/194/372 98/192/366 97/191/363
f 96/190/359 100/194/371 99/193/368 95/189/356
f 97/191/362 98/192/365 94/188/353 93/187/350

# Shape "mesh01":
g mesh01
# No. points 8:
v 25 -25 -25
v -25 -25 -25
v 25 -10 -75
v -25 -10 -75
v 25 25 -25
v -25 25 -25
v 25 10 -75
v -25 10 -75

# No. normals 30:
vn 1 0 0
vn -1 0 0
vn 0 -0.95783 -0.28735
vn 0 0.95783 -0.28735
vn 0 0 -1
vn 0 0 1
vn 1 0 0
vn 0 0 1
vn 0 -0.95783 -0.28735
vn -1 0 0
vn 0 0 1
vn 0 -0.95783 -0.28735
vn 1 0 0
vn 0 0 -1
vn 0 -0.95783 -0.28735
vn -1 0 0
vn 0 0 -1
vn 0 -0.95783 -0.28735
vn 1 0 0
vn 0 0 1
vn 0 0.95783 -0.28735
vn -1 0 0
vn 0 0 1
vn 0 0.95783 -0.28735
vn 1 0 0
vn 0 0 -1
vn 0 0.95783 -0.28735
vn -1 0 0
vn 0 0 -1
vn 0 0.95783 -0.28735

# No. texture coordinates 8:
vt 0 0
vt 0 0
vt 0 1
vt 0 1
vt 1 0
vt 1 0
vt 1 1
vt 1 1

# No. faces 6:

usemtl material01

f 103/197/385 107/201/397 105/199/391 101/195/379
f 106/200/394 108/202/400 104/198/388 102/196/382
f 102/196/384 104/198/390 103/197/387 101/195/381
f 107/201/399 108/202/402 106/200/396 105/199/393
f 104/198/389 108/202/401 107/201/398 103/197/386
f 105/199/392 106/200/395 102/196/383 101/195/380

# Shape "cube01":
g cube01
# No. points 8:
v 25 -25 25
v -25 -25 25
v 25 -25 -25
v -25 -25 -25
v 25 25 25
v -25 25 25
v 25 25 -25
v -25 25 -25

# No. normals 30:
vn 1 0 0
vn -1 0 0
vn 0 -1 0
vn 0 1 0
vn 0 0 -1
vn 0 0 1
vn 1 0 0
vn 0 0 1
vn 0 -1 0
vn -1 0 0
vn 0 0 1
vn 0 -1 0
vn 1 0 0
vn 0 0 -1
vn 0 -1 0
vn -1 0 0
vn 0 0 -1
vn 0 -1 0
vn 1 0 0
vn 0 0 1
vn 0 1 0
vn -1 0 0
vn 0 0 1
vn 0 1 0
vn 1 0 0
vn 0 0 -1
vn 0 1 0
vn -1 0 0
vn 0 0 -1
vn 0 1 0

# No. texture coordinates 8:
vt 0 0
vt 0 0
vt 0 1
vt 0 1
vt 1 0
vt 1 0
vt 1 1
vt 1 1

# No. faces 6:

usemtl material01

f 111/205/415 115/209/427 113/207/421 109/203/409
f 114/208/424 116/210/430 112/206/418 110/204/412
f 110/204/414 112/206/420 111/205/417 109/203/411
f 115/209/429 116/210/432 114/208/426 113/207/423
f 112/206/419 116/210/431 115/209/428 111/205/416
f 113/207/422 114/208/425 110/204/413 109/203/410

# Begin Group:
# Shape "mesh02":
g mesh02
# No. points 8:
v 25 -4.99999 24.9998
v -25 -4.99999 24.9998
v 25 -4.99999 74.9998
v -25 -4.99999 74.9998
v 25 -25 24.9998
v -25 -25 24.9998
v 25 -9.99999 74.9998
v -25 -9.99999 74.9998

# No. normals 30:
vn 1 0 0
vn -1 0 0
vn 0 1 0
vn 0 -0.95783 0.28735
vn 0 0 1
vn 0 0 -1
vn 1 0 0
vn 0 0 -1
vn 0 1 0
vn -1 0 0
vn 0 0 -1
vn 0 1 0
vn 1 0 0
vn 0 0 1
vn 0 1 0
vn -1 0 0
vn 0 0 1
vn 0 1 0
vn 1 0 0
vn 0 0 -1
vn 0 -0.95783 0.28735
vn -1 0 0
vn 0 0 -1
vn 0 -0.95783 0.28735
vn 1 0 0
vn 0 0 1
vn 0 -0.95783 0.28735
vn -1 0 0
vn 0 0 1
vn 0 -0.95783 0.28735

# No. texture coordinates 8:
vt 0 0
vt 0 0
vt 0 1
vt 0 1
vt 1 0
vt 1 0
vt 1 1
vt 1 1

# No. faces 6:

usemtl material01

f 119/213/445 123/217/457 121/215/451 117/211/439
f 122/216/454 124/218/460 120/214/448 118/212/442
f 118/212/444 120/214/450 119/213/447 117/211/441
f 123/217/459 124/218/462 122/216/456 121/215/453
f 120/214/449 124/218/461 123/217/458 119/213/446
f 121/215/452 122/216/455 118/212/443 117/211/440

# Shape "mesh10":
g mesh10
# No. points 8:
v -25 4.99999 25.0002
v 25 4.99999 25.0002
v -25 4.99998 75.0002
v 25 4.99999 75.0002
v -25 25 25.0002
v 25 25 25.0002
v -25 9.99998 75.0002
v 25 9.99998 75.0002

# No. normals 30:
vn -1 0 0
vn 1 0 0
vn 0 -1 0
vn 0 0.95783 0.28735
vn 0 0 1
vn 0 0 -1
vn -1 0 0
vn 0 0 -1
vn 0 -1 0
vn 1 0 0
vn 0 0 -1
vn 0 -1 0
vn -1 0 0
vn 0 0 1
vn 0 -1 0
vn 1 0 0
vn 0 0 1
vn 0 -1 0
vn -1 0 0
vn 0 0 -1
vn 0 0.95783 0.28735
vn 1 0 0
vn 0 0 -1
vn 0 0.95783 0.28735
vn -1 0 0
vn 0 0 1
vn 0 0.95783 0.28735
vn 1 0 0
vn 0 0 1
vn 0 0.95783 0.28735

# No. texture coordinates 8:
vt 0 0
vt 0 0
vt 0 1
vt 0 1
vt 1 0
vt 1 0
vt 1 1
vt 1 1

# No. faces 6:

usemtl material01

f 127/221/475 131/225/487 129/223/481 125/219/469
f 130/224/484 132/226/490 128/222/478 126/220/472
f 126/220/474 128/222/480 127/221/477 125/219/471
f 131/225/489 132/226/492 130/224/486 129/223/483
f 128/222/479 132/226/491 131/225/488 127/221/476
f 129/223/482 130/224/485 126/220/473 125/219/470

# Shape "cube06":
g cube06
# No. points 8:
v 25 -5.07499 54.9998
v 25 -5.07499 24.9998
v 25 4.92501 54.9998
v 25 4.92501 24.9998
v -25 -5.07499 54.9998
v -25 -5.07499 24.9998
v -25 4.92501 54.9998
v -25 4.92501 24.9998

# No. normals 30:
vn 0 0 1
vn 0 0 -1
vn 1 0 0
vn -1 0 0
vn 0 1 0
vn 0 -1 0
vn 0 0 1
vn 0 -1 0
vn 1 0 0
vn 0 0 -1
vn 0 -1 0
vn 1 0 0
vn 0 0 1
vn 0 1 0
vn 1 0 0
vn 0 0 -1
vn 0 1 0
vn 1 0 0
vn 0 0 1
vn 0 -1 0
vn -1 0 0
vn 0 0 -1
vn 0 -1 0
vn -1 0 0
vn 0 0 1
vn 0 1 0
vn -1 0 0
vn 0 0 -1
vn 0 1 0
vn -1 0 0

# No. texture coordinates 8:
vt 0 0
vt 0 0
vt 0 1
vt 0 1
vt 1 0
vt 1 0
vt 1 1
vt 1 1

# No. faces 6:

usemtl material01

f 135/229/505 139/233/517 137/231/511 133/227/499
f 138/232/514 140/234/520 136/230/508 134/228/502
f 134/228/504 136/230/510 135/229/507 133/227/501
f 139/233/519 140/234/522 138/232/516 137/231/513
f 136/230/509 140/234/521 139/233/518 135/229/506
f 137/231/512 138/232/515 134/228/503 133/227/500

# End Group:

# End of Object "object01"
