# Created with Anim8or 1.00
# Object "object01":

mtllib naveE.mtl

# Shape "mesh09":
g mesh09
# No. points 52:
v -1.0283 3.37561 69.0051
v -1.01859 1.3757 69.0021
v -1.01859 1.3757 69.0021
v -1.0283 3.37561 69.0051
v -1.0291 3.37267 71.0051
v 0.97090 3.38236 71.0059
v 0.97170 3.38531 69.0059
v 0.98141 1.38539 69.0029
v -1.0291 3.37267 71.0051
v 0.98062 1.38245 71.0029
v -1.01938 1.37275 71.0021
v -1.01938 1.37275 71.0021
v 1.10622 1.38346 69.4814
v -1.18918 1.38749 69.4805
v -1.18959 1.38596 70.5237
v 1.1058 1.38193 70.5246
v 1.10097 -1.61133 69.477
v -1.19443 -1.6073 69.4761
v 1.10055 -1.61286 70.5202
v -1.19484 -1.60883 70.5193
v -0.03107 -1.60344 69.4766
v -1.16732 -1.60145 69.4761
v -1.16773 -1.60298 70.5193
v -0.03148 -1.60498 70.5197
v -0.03632 -4.59818 69.4721
v -1.17257 -4.59619 69.4717
v -0.03674 -4.59972 70.5153
v -1.17298 -4.59772 70.5149
v -4.15666 1.39394 69.452
v -4.16215 0.25776 69.4383
v -4.17518 0.24535 70.4814
v -4.16969 1.38142 70.495
v -1.1622 1.37903 69.4892
v -1.16778 0.24286 69.4755
v -1.17523 1.36652 70.5322
v -1.18072 0.23035 70.5185
v 1.10828 -1.60544 69.477
v -0.02798 -1.60345 69.4766
v -0.02840 -1.60498 70.5197
v 1.10786 -1.60697 70.5202
v 1.10303 -4.60018 69.4726
v -0.03323 -4.59819 69.4721
v 1.10261 -4.60172 70.5158
v -0.03365 -4.59972 70.5153
v 1.08893 1.38474 69.4541
v 1.08344 0.24856 69.4404
v 1.07041 0.23615 70.4834
v 1.076 1.37222 70.4971
v 4.0834 1.36983 69.4912
v 4.07791 0.23366 69.4776
v 4.07036 1.35732 70.5343
v 4.06487 0.22115 70.5206

# No. normals 240:
vn 1 0 0
vn -0.00485 0.999987 0.00147
vn 0.00040 0.00147 -0.999999
vn 1 0 0
vn 0.00485 -0.999987 -0.00147
vn 1 0 0
vn -0.999988 -0.00486 -0.00040
vn -0.00040 -0.00147 0.999999
vn 1 0 0
vn 0.999988 0.00486 0.00040
vn 0.00175 0.999997 0.00147
vn 0.00040 0.00147 -0.999999
vn 0.999998 -0.00175 0.00039
vn -0.999998 0.00175 -0.00039
vn -0.00040 -0.00147 0.999999
vn -0.00175 -0.999997 -0.00147
vn 0.00175 0.999997 0.00147
vn 0.00040 0.00147 -0.999999
vn 0.999998 -0.00175 0.00039
vn -0.999998 0.00175 -0.00039
vn -0.00040 -0.00147 0.999999
vn -0.00175 -0.999997 -0.00147
vn -0.99991 0.00498 -0.01244
vn 0.01247 0.01198 -0.99985
vn 0.00483 0.999916 0.01205
vn -0.00483 -0.999916 -0.01205
vn -0.01247 -0.01197 0.999851
vn 0.999911 -0.00498 0.01234
vn 0.00175 0.999997 0.00147
vn 0.00040 0.00147 -0.999999
vn 0.999998 -0.00175 0.00039
vn -0.999998 0.00175 -0.00039
vn -0.00040 -0.00147 0.999999
vn -0.00175 -0.999997 -0.00147
vn -0.99991 0.00507 -0.01243
vn 0.01247 0.01198 -0.99985
vn 0.00483 0.999916 0.01205
vn -0.00486 -0.999916 -0.01206
vn -0.01247 -0.01197 0.999851
vn 0.99991 -0.00498 0.01243
vn -0.00040 -0.00147 0.999999
vn -0.00040 -0.00147 0.999999
vn 0.00040 0.00147 -0.999999
vn -0.00485 0.999987 0.00147
vn -0.00040 -0.00147 0.999999
vn -0.00040 -0.00147 0.999999
vn 0.00485 -0.999987 -0.00147
vn 0.00040 0.00147 -0.999999
vn -0.00040 -0.00147 0.999999
vn -0.999988 -0.00486 -0.00040
vn -0.00040 -0.00147 0.999999
vn -0.00040 -0.00147 0.999999
vn -0.999988 -0.00486 -0.00040
vn -0.00040 -0.00147 0.999999
vn -0.00485 0.999987 0.00147
vn -0.00040 -0.00147 0.999999
vn -0.00040 -0.00147 0.999999
vn -0.00040 -0.00147 0.999999
vn -0.00485 0.999987 0.00147
vn 0.999988 0.00486 0.00040
vn -0.00040 -0.00147 0.999999
vn -0.00485 0.999987 0.00147
vn 0.999988 0.00486 0.00040
vn 0.00040 0.00147 -0.999999
vn 0.00040 0.00147 -0.999999
vn 0.999988 0.00486 0.00040
vn 0.00485 -0.999987 -0.00147
vn -0.00040 -0.00147 0.999999
vn -0.00040 -0.00147 0.999999
vn -0.999988 -0.00486 -0.00040
vn 0.00485 -0.999987 -0.00147
vn 0.999988 0.00486 0.00040
vn -0.00040 -0.00147 0.999999
vn 0.00485 -0.999987 -0.00147
vn -0.00040 -0.00147 0.999999
vn -0.00040 -0.00147 0.999999
vn -0.00040 -0.00147 0.999999
vn -0.00040 -0.00147 0.999999
vn -0.00040 -0.00147 0.999999
vn -0.999988 -0.00486 -0.00040
vn 0.00175 0.999997 0.00147
vn 0.999998 -0.00175 0.00039
vn 0.00040 0.00147 -0.999999
vn 0.00175 0.999997 0.00147
vn -0.999998 0.00175 -0.00039
vn 0.00040 0.00147 -0.999999
vn 0.00175 0.999997 0.00147
vn -0.00040 -0.00147 0.999999
vn -0.999998 0.00175 -0.00039
vn 0.00175 0.999997 0.00147
vn -0.00040 -0.00147 0.999999
vn 0.999998 -0.00175 0.00039
vn 0.00040 0.00147 -0.999999
vn -0.00175 -0.999997 -0.00147
vn 0.999998 -0.00175 0.00039
vn 0.00040 0.00147 -0.999999
vn -0.00175 -0.999997 -0.00147
vn -0.999998 0.00175 -0.00039
vn 0.999998 -0.00175 0.00039
vn -0.00175 -0.999997 -0.00147
vn -0.00040 -0.00147 0.999999
vn -0.999998 0.00175 -0.00039
vn -0.00175 -0.999997 -0.00147
vn -0.00040 -0.00147 0.999999
vn 0.00175 0.999997 0.00147
vn 0.999998 -0.00175 0.00039
vn 0.00040 0.00147 -0.999999
vn 0.00175 0.999997 0.00147
vn -0.999998 0.00175 -0.00039
vn 0.00040 0.00147 -0.999999
vn 0.00175 0.999997 0.00147
vn -0.00040 -0.00147 0.999999
vn -0.999998 0.00175 -0.00039
vn 0.00175 0.999997 0.00147
vn -0.00040 -0.00147 0.999999
vn 0.999998 -0.00175 0.00039
vn 0.00040 0.00147 -0.999999
vn -0.00175 -0.999997 -0.00147
vn 0.999998 -0.00175 0.00039
vn 0.00040 0.00147 -0.999999
vn -0.00175 -0.999997 -0.00147
vn -0.999998 0.00175 -0.00039
vn 0.999998 -0.00175 0.00039
vn -0.00175 -0.999997 -0.00147
vn -0.00040 -0.00147 0.999999
vn -0.999998 0.00175 -0.00039
vn -0.00175 -0.999997 -0.00147
vn -0.00040 -0.00147 0.999999
vn -0.99991 0.00498 -0.01244
vn 0.00483 0.999916 0.01205
vn 0.01247 0.01198 -0.99985
vn -0.99991 0.00498 -0.01244
vn -0.00483 -0.999916 -0.01205
vn 0.01247 0.01198 -0.99985
vn -0.99991 0.00498 -0.01244
vn -0.01247 -0.01197 0.999851
vn -0.00483 -0.999916 -0.01205
vn -0.99991 0.00498 -0.01244
vn -0.01247 -0.01197 0.999851
vn 0.00483 0.999916 0.01205
vn 0.01247 0.01198 -0.99985
vn 0.999911 -0.00498 0.01234
vn 0.00483 0.999916 0.01205
vn 0.01247 0.01198 -0.99985
vn 0.999911 -0.00498 0.01234
vn -0.00483 -0.999916 -0.01205
vn 0.00483 0.999916 0.01205
vn 0.999911 -0.00498 0.01234
vn -0.01247 -0.01197 0.999851
vn -0.00483 -0.999916 -0.01205
vn 0.999911 -0.00498 0.01234
vn -0.01247 -0.01197 0.999851
vn 0.00175 0.999997 0.00147
vn 0.999998 -0.00175 0.00039
vn 0.00040 0.00147 -0.999999
vn 0.00175 0.999997 0.00147
vn -0.999998 0.00175 -0.00039
vn 0.00040 0.00147 -0.999999
vn 0.00175 0.999997 0.00147
vn -0.00040 -0.00147 0.999999
vn -0.999998 0.00175 -0.00039
vn 0.00175 0.999997 0.00147
vn -0.00040 -0.00147 0.999999
vn 0.999998 -0.00175 0.00039
vn 0.00040 0.00147 -0.999999
vn -0.00175 -0.999997 -0.00147
vn 0.999998 -0.00175 0.00039
vn 0.00040 0.00147 -0.999999
vn -0.00175 -0.999997 -0.00147
vn -0.999998 0.00175 -0.00039
vn 0.999998 -0.00175 0.00039
vn -0.00175 -0.999997 -0.00147
vn -0.00040 -0.00147 0.999999
vn -0.999998 0.00175 -0.00039
vn -0.00175 -0.999997 -0.00147
vn -0.00040 -0.00147 0.999999
vn -0.99991 0.00507 -0.01243
vn 0.00483 0.999916 0.01205
vn 0.01247 0.01198 -0.99985
vn -0.99991 0.00507 -0.01243
vn -0.00486 -0.999916 -0.01206
vn 0.01247 0.01198 -0.99985
vn -0.99991 0.00507 -0.01243
vn -0.01247 -0.01197 0.999851
vn -0.00486 -0.999916 -0.01206
vn -0.99991 0.00507 -0.01243
vn -0.01247 -0.01197 0.999851
vn 0.00483 0.999916 0.01205
vn 0.01247 0.01198 -0.99985
vn 0.99991 -0.00498 0.01243
vn 0.00483 0.999916 0.01205
vn 0.01247 0.01198 -0.99985
vn 0.99991 -0.00498 0.01243
vn -0.00486 -0.999916 -0.01206
vn 0.00483 0.999916 0.01205
vn 0.99991 -0.00498 0.01243
vn -0.01247 -0.01197 0.999851
vn -0.00486 -0.999916 -0.01206
vn 0.99991 -0.00498 0.01243
vn -0.01247 -0.01197 0.999851
vn 1 0 0
vn -0.00485 0.999987 0.00147
vn 0.00040 0.00147 -0.999999
vn 1 0 0
vn 0.00485 -0.999987 -0.00147
vn 1 0 0
vn -0.999988 -0.00486 -0.00040
vn -0.00040 -0.00147 0.999999
vn 1 0 0
vn 0.999988 0.00486 0.00040
vn 0.00175 0.999997 0.00147
vn 0.00040 0.00147 -0.999999
vn 0.999998 -0.00175 0.00039
vn -0.999998 0.00175 -0.00039
vn -0.00040 -0.00147 0.999999
vn -0.00175 -0.999997 -0.00147
vn 0.00175 0.999997 0.00147
vn 0.00040 0.00147 -0.999999
vn 0.999998 -0.00175 0.00039
vn -0.999998 0.00175 -0.00039
vn -0.00040 -0.00147 0.999999
vn -0.00175 -0.999997 -0.00147
vn -0.99991 0.00498 -0.01244
vn 0.01247 0.01198 -0.99985
vn 0.00483 0.999916 0.01205
vn -0.00483 -0.999916 -0.01205
vn -0.01247 -0.01197 0.999851
vn 0.999911 -0.00498 0.01234
vn 0.00175 0.999997 0.00147
vn 0.00040 0.00147 -0.999999
vn 0.999998 -0.00175 0.00039
vn -0.999998 0.00175 -0.00039
vn -0.00040 -0.00147 0.999999
vn -0.00175 -0.999997 -0.00147
vn -0.99991 0.00507 -0.01243
vn 0.01247 0.01198 -0.99985
vn 0.00483 0.999916 0.01205
vn -0.00486 -0.999916 -0.01206
vn -0.01247 -0.01197 0.999851
vn 0.99991 -0.00498 0.01243

# No. texture coordinates 146:
vt 0.37667 0.74927
vt 0.37590 0.50349
vt 0.12546 0.75591
vt 0.24915 0.75597
vt 0.24911 0.99993
vt 0.12583 0.99991
vt 0.50066 0.75001
vt 0.50002 0.50252
vt 0.25395 0.76186
vt 0.36922 0.76186
vt 0.36922 0.99181
vt 0.25395 0.99181
vt 1 1
vt 1 0
vt 0.12383 0.50126
vt 0.12418 0.75032
vt 0.00209 0.75348
vt 0.00133 0.50333
vt 0.12569 0.50332
vt 0.25078 0.50329
vt 0.25111 0.74884
vt 0.12624 0.74751
vt 0.24931 0.50422
vt 0.37488 0.50642
vt 0.37493 0.74962
vt 0.25010 0.74726
vt 0.43942 0.50107
vt 0.31304 0.49452
vt 0.31459 0.37352
vt 0.44096 0.38007
vt 0.62222 0.37526
vt 0.62550 0.00575
vt 0.50896 0.00051
vt 0.50568 0.37002
vt 0.50000 -0.00517
vt 0.50000 0.37078
vt 0.44121 0.37078
vt 0.44121 -0.00517
vt 0.30916 0.37336
vt 0.30916 -0.00251
vt 0.24963 -0.00251
vt 0.24963 0.37336
vt 0.31274 0.37222
vt 0.31274 0.00024
vt 0.43889 0.00024
vt 0.43889 0.37222
vt 0.18367 0.49436
vt 0.12758 0.49661
vt 0.12933 0.38243
vt 0.18543 0.38018
vt 0.12456 0.37284
vt 0.12328 0.49573
vt 0.06226 0.49733
vt 0.06354 0.37444
vt 0.25021 0.37049
vt 0.25021 0.00137
vt 0.19064 -0.00131
vt 0.19064 0.36781
vt 0.00081 0.00962
vt 0.00081 0.37773
vt 0.05951 0.37773
vt 0.05951 0.00962
vt 0.00088 0.37336
vt 0.00088 0.01007
vt 0.06299 0.01007
vt 0.06299 0.37336
vt 0.06559 0.37591
vt 0.06538 0.00347
vt 0.12495 0.00334
vt 0.12516 0.37577
vt 0.17907 0.48994
vt 0.13039 0.48673
vt 0.12908 0.39799
vt 0.17776 0.40121
vt 0.81075 0.38591
vt 0.81127 0.49973
vt 0.75968 0.49973
vt 0.75915 0.38592
vt 0.74719 0.00197
vt 0.74835 0.36456
vt 0.69304 0.36466
vt 0.69188 0.00208
vt 0.69235 0.37221
vt 0.69712 0.00677
vt 0.75524 0.00703
vt 0.75047 0.37247
vt 0.75223 0.00355
vt 0.75394 0.37240
vt 0.69057 0.37861
vt 0.68885 0.00976
vt 0.75609 0.00696
vt 0.75669 0.36321
vt 0.68955 0.36471
vt 0.68895 0.00846
vt 0.68692 0.37817
vt 0.74993 0.37817
vt 0.74929 0.50074
vt 0.68628 0.50074
vt 0.12271 0.37751
vt 0.12279 0.48694
vt 0.06217 0.48995
vt 0.06210 0.38052
vt 0.25021 0.37317
vt 0.25021 0.00137
vt 0.18796 -0.00131
vt 0.18796 0.37049
vt 0.18753 0.00007
vt 0.18752 0.37078
vt 0.12590 0.37078
vt 0.12590 0.00007
vt -0.00367 0.36814
vt 0.00376 -0.00228
vt 0.06596 -0.00253
vt 0.05853 0.36789
vt 0.06805 0.36524
vt 0.06805 0.00393
vt 0.12248 0.00393
vt 0.12248 0.36524
vt 0.18580 0.49609
vt 0.12915 0.49609
vt 0.13034 0.38460
vt 0.18698 0.38460
vt 0.68993 0.49556
vt 0.68934 0.38042
vt 0.74815 0.38042
vt 0.74875 0.49556
vt 0.69110 0.37716
vt 0.69383 0.00191
vt 0.74750 0.00840
vt 0.75315 0.37525
vt 0.69008 0.00395
vt 0.69183 0.37536
vt 0.75161 0.36926
vt 0.74986 -0.00215
vt 0.68833 0.37499
vt 0.68833 0.00599
vt 0.74882 0.00006
vt 0.74882 0.36906
vt 0.68884 0.36957
vt 0.68760 0.00433
vt 0.75116 0.00059
vt 0.75240 0.36583
vt 0.81312 0.49610
vt 0.75790 0.49880
vt 0.75972 0.38934
vt 0.81425 0.38797

# No. faces 40:

usemtl Steve

f 1/1/41 2/2/45 3/2/49 4/1/52
f 5/3/55 6/4/59 7/5/62 1/6/44
f 1/1/43 7/7/64 8/8/65 2/2/48
f 5/3/58 1/6/42 4/6/54 9/3/68
f 10/9/71 11/10/74 2/11/47 8/12/67
f 2/13/46 11/14/77 12/14/78 3/13/51
f 12/15/80 9/16/70 4/17/53 3/18/50
f 11/19/76 10/20/73 6/21/61 5/22/57
f 11/19/75 5/22/56 9/22/69 12/19/79
f 10/23/72 8/24/66 7/25/63 6/26/60
f 13/27/81 14/28/84 15/29/87 16/30/90
f 13/31/83 17/32/93 18/33/96 14/34/86
f 17/35/95 13/36/82 16/37/92 19/38/99
f 14/39/85 18/40/98 20/41/102 15/42/89
f 15/43/88 20/44/104 19/45/101 16/46/91
f 17/47/94 19/48/100 20/49/103 18/50/97
f 21/51/105 22/52/108 23/53/111 24/54/114
f 21/55/107 25/56/117 26/57/120 22/58/110
f 25/59/119 21/60/106 24/61/116 27/62/123
f 22/63/109 26/64/122 28/65/126 23/66/113
f 23/67/112 28/68/128 27/69/125 24/70/115
f 25/71/118 27/72/124 28/73/127 26/74/121
f 29/75/129 30/76/132 31/77/135 32/78/138
f 29/79/131 33/80/141 34/81/144 30/82/134
f 33/83/143 29/84/130 32/85/140 35/86/147
f 30/87/133 34/88/146 36/89/150 31/90/137
f 31/91/136 36/92/152 35/93/149 32/94/139
f 33/95/142 35/96/148 36/97/151 34/98/145
f 37/99/153 38/100/156 39/101/159 40/102/162
f 37/103/155 41/104/165 42/105/168 38/106/158
f 41/107/167 37/108/154 40/109/164 43/110/171
f 38/111/157 42/112/170 44/113/174 39/114/161
f 39/115/160 44/116/176 43/117/173 40/118/163
f 41/119/166 43/120/172 44/121/175 42/122/169
f 45/123/177 46/124/180 47/125/183 48/126/186
f 45/127/179 49/128/189 50/129/192 46/130/182
f 49/131/191 45/132/178 48/133/188 51/134/195
f 46/135/181 50/136/194 52/137/198 47/138/185
f 47/139/184 52/140/200 51/141/197 48/142/187
f 49/143/190 51/144/196 52/145/199 50/146/193

# Shape "mesh08":
g mesh08
# No. points 8:
v -25 10 75
v -25 25 25
v -50 10 50
v -75 10 25
v -25 -10 75
v -25 -25 25
v -50 -10 50
v -75 -10 25

# No. normals 34:
vn -0.70711 0 0.70711
vn 0 0 -1
vn -0.27617 0.92057 0.27617
vn -0.27617 -0.92057 0.27617
vn -0.70711 0 0.70711
vn 1 0 0
vn -0.70711 0 0.70711
vn 1 0 0
vn -0.27617 0.92057 0.27617
vn 0 0 -1
vn 1 0 0
vn -0.27617 0.92057 0.27617
vn -0.70711 0 0.70711
vn -0.27617 0.92057 0.27617
vn 0 0 -1
vn -0.70711 0 0.70711
vn -0.27617 0.92057 0.27617
vn -0.70711 0 0.70711
vn 1 0 0
vn -0.27617 -0.92057 0.27617
vn 0 0 -1
vn 1 0 0
vn -0.27617 -0.92057 0.27617
vn -0.70711 0 0.70711
vn -0.27617 -0.92057 0.27617
vn 0 0 -1
vn -0.70711 0 0.70711
vn -0.27617 -0.92057 0.27617
vn -0.70711 0 0.70711
vn 0 0 -1
vn -0.27617 0.92057 0.27617
vn -0.27617 -0.92057 0.27617
vn -0.70711 0 0.70711
vn 1 0 0

# No. texture coordinates 8:
vt 0 0
vt 0 0
vt 0 1
vt 0 1
vt 1 0
vt 1 0
vt 1 1
vt 1 1

# No. faces 6:

usemtl material02

f 55/149/253 59/153/264 57/151/258 53/147/247
f 58/152/261 60/154/266 56/150/255 54/148/250
f 54/148/252 56/150/257 55/149/254 53/147/249
f 59/153/265 60/154/268 58/152/263 57/151/260
f 56/150/256 60/154/267 59/153/264 55/149/253
f 57/151/259 58/152/262 54/148/251 53/147/248

# Shape "mesh07":
g mesh07
# No. points 8:
v 25 10 -75
v 25 25 -25
v 50 10 -50
v 75 10 -25
v 25 -10 -75
v 25 -25 -25
v 50 -10 -50
v 75 -10 -25

# No. normals 34:
vn 0.70711 0 -0.70711
vn 0 0 1
vn 0.27617 0.92057 -0.27617
vn 0.27617 -0.92057 -0.27617
vn 0.70711 0 -0.70711
vn -1 0 0
vn 0.70711 0 -0.70711
vn -1 0 0
vn 0.27617 0.92057 -0.27617
vn 0 0 1
vn -1 0 0
vn 0.27617 0.92057 -0.27617
vn 0.70711 0 -0.70711
vn 0.27617 0.92057 -0.27617
vn 0 0 1
vn 0.70711 0 -0.70711
vn 0.27617 0.92057 -0.27617
vn 0.70711 0 -0.70711
vn -1 0 0
vn 0.27617 -0.92057 -0.27617
vn 0 0 1
vn -1 0 0
vn 0.27617 -0.92057 -0.27617
vn 0.70711 0 -0.70711
vn 0.27617 -0.92057 -0.27617
vn 0 0 1
vn 0.70711 0 -0.70711
vn 0.27617 -0.92057 -0.27617
vn 0.70711 0 -0.70711
vn 0 0 1
vn 0.27617 0.92057 -0.27617
vn 0.27617 -0.92057 -0.27617
vn 0.70711 0 -0.70711
vn -1 0 0

# No. texture coordinates 8:
vt 0 0
vt 0 0
vt 0 1
vt 0 1
vt 1 0
vt 1 0
vt 1 1
vt 1 1

# No. faces 6:

usemtl material02

f 63/157/287 67/161/298 65/159/292 61/155/281
f 66/160/295 68/162/300 64/158/289 62/156/284
f 62/156/286 64/158/291 63/157/288 61/155/283
f 67/161/299 68/162/302 66/160/297 65/159/294
f 64/158/290 68/162/301 67/161/298 63/157/287
f 65/159/293 66/160/296 62/156/285 61/155/282

# Shape "mesh06":
g mesh06
# No. points 8:
v -25 -10 -75
v -25 -25 -25
v -50 -10 -50
v -75 -10 -25
v -25 10 -75
v -25 25 -25
v -50 10 -50
v -75 10 -25

# No. normals 34:
vn -0.70711 0 -0.70711
vn 0 0 1
vn -0.27617 -0.92057 -0.27617
vn -0.27617 0.92057 -0.27617
vn -0.70711 0 -0.70711
vn 1 0 0
vn -0.70711 0 -0.70711
vn 1 0 0
vn -0.27617 -0.92057 -0.27617
vn 0 0 1
vn 1 0 0
vn -0.27617 -0.92057 -0.27617
vn -0.70711 0 -0.70711
vn -0.27617 -0.92057 -0.27617
vn 0 0 1
vn -0.70711 0 -0.70711
vn -0.27617 -0.92057 -0.27617
vn -0.70711 0 -0.70711
vn 1 0 0
vn -0.27617 0.92057 -0.27617
vn 0 0 1
vn 1 0 0
vn -0.27617 0.92057 -0.27617
vn -0.70711 0 -0.70711
vn -0.27617 0.92057 -0.27617
vn 0 0 1
vn -0.70711 0 -0.70711
vn -0.27617 0.92057 -0.27617
vn -0.70711 0 -0.70711
vn 0 0 1
vn -0.27617 -0.92057 -0.27617
vn -0.27617 0.92057 -0.27617
vn -0.70711 0 -0.70711
vn 1 0 0

# No. texture coordinates 8:
vt 0 0
vt 0 0
vt 0 1
vt 0 1
vt 1 0
vt 1 0
vt 1 1
vt 1 1

# No. faces 6:

usemtl material02

f 71/165/321 75/169/332 73/167/326 69/163/315
f 74/168/329 76/170/334 72/166/323 70/164/318
f 70/164/320 72/166/325 71/165/322 69/163/317
f 75/169/333 76/170/336 74/168/331 73/167/328
f 72/166/324 76/170/335 75/169/332 71/165/321
f 73/167/327 74/168/330 70/164/319 69/163/316

# Shape "mesh05":
g mesh05
# No. points 8:
v 25 -10 75
v 25 -25 25
v 50 -10 50
v 75 -10 25
v 25 10 75
v 25 25 25
v 50 10 50
v 75 10 25

# No. normals 34:
vn 0.70711 0 0.70711
vn 0 0 -1
vn 0.27617 -0.92057 0.27617
vn 0.27617 0.92057 0.27617
vn 0.70711 0 0.70711
vn -1 0 0
vn 0.70711 0 0.70711
vn -1 0 0
vn 0.27617 -0.92057 0.27617
vn 0 0 -1
vn -1 0 0
vn 0.27617 -0.92057 0.27617
vn 0.70711 0 0.70711
vn 0.27617 -0.92057 0.27617
vn 0 0 -1
vn 0.70711 0 0.70711
vn 0.27617 -0.92057 0.27617
vn 0.70711 0 0.70711
vn -1 0 0
vn 0.27617 0.92057 0.27617
vn 0 0 -1
vn -1 0 0
vn 0.27617 0.92057 0.27617
vn 0.70711 0 0.70711
vn 0.27617 0.92057 0.27617
vn 0 0 -1
vn 0.70711 0 0.70711
vn 0.27617 0.92057 0.27617
vn 0.70711 0 0.70711
vn 0 0 -1
vn 0.27617 -0.92057 0.27617
vn 0.27617 0.92057 0.27617
vn 0.70711 0 0.70711
vn -1 0 0

# No. texture coordinates 8:
vt 0 0
vt 0 0
vt 0 1
vt 0 1
vt 1 0
vt 1 0
vt 1 1
vt 1 1

# No. faces 6:

usemtl material02

f 79/173/355 83/177/366 81/175/360 77/171/349
f 82/176/363 84/178/368 80/174/357 78/172/352
f 78/172/354 80/174/359 79/173/356 77/171/351
f 83/177/367 84/178/370 82/176/365 81/175/362
f 80/174/358 84/178/369 83/177/366 79/173/355
f 81/175/361 82/176/364 78/172/353 77/171/350

# Shape "mesh04":
g mesh04
# No. points 8:
v -25 -25 -25
v -25 -25 25
v -75 -10 -25
v -75 -10 25
v -25 25 -25
v -25 25 25
v -75 10 -25
v -75 10 25

# No. normals 36:
vn 0 0 -1
vn 0 0 1
vn -0.28735 -0.95783 0
vn -0.28735 0.95783 0
vn -1 0 0
vn 1 0 0
vn 0 0 -1
vn 1 0 0
vn -0.28735 -0.95783 0
vn 0 0 1
vn 1 0 0
vn -0.28735 -0.95783 0
vn 0 0 -1
vn -1 0 0
vn -0.28735 -0.95783 0
vn 0 0 1
vn -1 0 0
vn -0.28735 -0.95783 0
vn 0 0 -1
vn 1 0 0
vn -0.28735 0.95783 0
vn 0 0 1
vn 1 0 0
vn -0.28735 0.95783 0
vn 0 0 -1
vn -1 0 0
vn -0.28735 0.95783 0
vn 0 0 1
vn -1 0 0
vn -0.28735 0.95783 0
vn 0 0 -1
vn 0 0 1
vn -0.28735 -0.95783 0
vn -0.28735 0.95783 0
vn -1 0 0
vn 1 0 0

# No. texture coordinates 8:
vt 0 0
vt 0 0
vt 0 1
vt 0 1
vt 1 0
vt 1 0
vt 1 1
vt 1 1

# No. faces 6:

usemtl material01

f 87/181/389 91/185/401 89/183/395 85/179/383
f 90/184/398 92/186/404 88/182/392 86/180/386
f 86/180/388 88/182/394 87/181/391 85/179/385
f 91/185/403 92/186/406 90/184/400 89/183/397
f 88/182/393 92/186/405 91/185/402 87/181/390
f 89/183/396 90/184/399 86/180/387 85/179/384

# Shape "mesh03":
g mesh03
# No. points 8:
v 25 -25 25
v 25 -25 -25
v 75 -10 25
v 75 -10 -25
v 25 25 25
v 25 25 -25
v 75 10 25
v 75 10 -25

# No. normals 36:
vn 0 0 1
vn 0 0 -1
vn 0.28735 -0.95783 0
vn 0.28735 0.95783 0
vn 1 0 0
vn -1 0 0
vn 0 0 1
vn -1 0 0
vn 0.28735 -0.95783 0
vn 0 0 -1
vn -1 0 0
vn 0.28735 -0.95783 0
vn 0 0 1
vn 1 0 0
vn 0.28735 -0.95783 0
vn 0 0 -1
vn 1 0 0
vn 0.28735 -0.95783 0
vn 0 0 1
vn -1 0 0
vn 0.28735 0.95783 0
vn 0 0 -1
vn -1 0 0
vn 0.28735 0.95783 0
vn 0 0 1
vn 1 0 0
vn 0.28735 0.95783 0
vn 0 0 -1
vn 1 0 0
vn 0.28735 0.95783 0
vn 0 0 1
vn 0 0 -1
vn 0.28735 -0.95783 0
vn 0.28735 0.95783 0
vn 1 0 0
vn -1 0 0

# No. texture coordinates 8:
vt 0 0
vt 0 0
vt 0 1
vt 0 1
vt 1 0
vt 1 0
vt 1 1
vt 1 1

# No. faces 6:

usemtl material01

f 95/189/425 99/193/437 97/191/431 93/187/419
f 98/192/434 100/194/440 96/190/428 94/188/422
f 94/188/424 96/190/430 95/189/427 93/187/421
f 99/193/439 100/194/442 98/192/436 97/191/433
f 96/190/429 100/194/441 99/193/438 95/189/426
f 97/191/432 98/192/435 94/188/423 93/187/420

# Shape "mesh01":
g mesh01
# No. points 8:
v 25 -25 -25
v -25 -25 -25
v 25 -10 -75
v -25 -10 -75
v 25 25 -25
v -25 25 -25
v 25 10 -75
v -25 10 -75

# No. normals 36:
vn 1 0 0
vn -1 0 0
vn 0 -0.95783 -0.28735
vn 0 0.95783 -0.28735
vn 0 0 -1
vn 0 0 1
vn 1 0 0
vn 0 0 1
vn 0 -0.95783 -0.28735
vn -1 0 0
vn 0 0 1
vn 0 -0.95783 -0.28735
vn 1 0 0
vn 0 0 -1
vn 0 -0.95783 -0.28735
vn -1 0 0
vn 0 0 -1
vn 0 -0.95783 -0.28735
vn 1 0 0
vn 0 0 1
vn 0 0.95783 -0.28735
vn -1 0 0
vn 0 0 1
vn 0 0.95783 -0.28735
vn 1 0 0
vn 0 0 -1
vn 0 0.95783 -0.28735
vn -1 0 0
vn 0 0 -1
vn 0 0.95783 -0.28735
vn 1 0 0
vn -1 0 0
vn 0 -0.95783 -0.28735
vn 0 0.95783 -0.28735
vn 0 0 -1
vn 0 0 1

# No. texture coordinates 8:
vt 0 0
vt 0 0
vt 0 1
vt 0 1
vt 1 0
vt 1 0
vt 1 1
vt 1 1

# No. faces 6:

usemtl material01

f 103/197/461 107/201/473 105/199/467 101/195/455
f 106/200/470 108/202/476 104/198/464 102/196/458
f 102/196/460 104/198/466 103/197/463 101/195/457
f 107/201/475 108/202/478 106/200/472 105/199/469
f 104/198/465 108/202/477 107/201/474 103/197/462
f 105/199/468 106/200/471 102/196/459 101/195/456

# Shape "cube01":
g cube01
# No. points 8:
v 25 -15 25
v -25 -15 25
v 25 -15 -25
v -25 -15 -25
v 25 15 25
v -25 15 25
v 25 15 -25
v -25 15 -25

# No. normals 30:
vn 1 0 0
vn -1 0 0
vn 0 -1 0
vn 0 1 0
vn 0 0 -1
vn 0 0 1
vn 1 0 0
vn 0 0 1
vn 0 -1 0
vn -1 0 0
vn 0 0 1
vn 0 -1 0
vn 1 0 0
vn 0 0 -1
vn 0 -1 0
vn -1 0 0
vn 0 0 -1
vn 0 -1 0
vn 1 0 0
vn 0 0 1
vn 0 1 0
vn -1 0 0
vn 0 0 1
vn 0 1 0
vn 1 0 0
vn 0 0 -1
vn 0 1 0
vn -1 0 0
vn 0 0 -1
vn 0 1 0

# No. texture coordinates 8:
vt 0 0
vt 0 0
vt 0 1
vt 0 1
vt 1 0
vt 1 0
vt 1 1
vt 1 1

# No. faces 6:

usemtl material02

f 111/205/497 115/209/509 113/207/503 109/203/491
f 114/208/506 116/210/512 112/206/500 110/204/494
f 110/204/496 112/206/502 111/205/499 109/203/493
f 115/209/511 116/210/514 114/208/508 113/207/505
f 112/206/501 116/210/513 115/209/510 111/205/498
f 113/207/504 114/208/507 110/204/495 109/203/492

# Begin Group:
# Shape "mesh02":
g mesh02
# No. points 8:
v 25 -5 24.9998
v -25 -5 24.9998
v 25 -5 74.9998
v -25 -5 74.9998
v 25 -25 24.9998
v -25 -25 24.9998
v 25 -10 74.9998
v -25 -10 74.9998

# No. normals 36:
vn 1 0 0
vn -1 0 0
vn 0 1 0
vn 0 -0.95783 0.28735
vn 0 0 1
vn 0 0 -1
vn 1 0 0
vn 0 0 -1
vn 0 1 0
vn -1 0 0
vn 0 0 -1
vn 0 1 0
vn 1 0 0
vn 0 0 1
vn 0 1 0
vn -1 0 0
vn 0 0 1
vn 0 1 0
vn 1 0 0
vn 0 0 -1
vn 0 -0.95783 0.28735
vn -1 0 0
vn 0 0 -1
vn 0 -0.95783 0.28735
vn 1 0 0
vn 0 0 1
vn 0 -0.95783 0.28735
vn -1 0 0
vn 0 0 1
vn 0 -0.95783 0.28735
vn 1 0 0
vn -1 0 0
vn 0 1 0
vn 0 -0.95783 0.28735
vn 0 0 1
vn 0 0 -1

# No. texture coordinates 8:
vt 0 0
vt 0 0
vt 0 1
vt 0 1
vt 1 0
vt 1 0
vt 1 1
vt 1 1

# No. faces 6:

usemtl material01

f 119/213/527 123/217/539 121/215/533 117/211/521
f 122/216/536 124/218/542 120/214/530 118/212/524
f 118/212/526 120/214/532 119/213/529 117/211/523
f 123/217/541 124/218/544 122/216/538 121/215/535
f 120/214/531 124/218/543 123/217/540 119/213/528
f 121/215/534 122/216/537 118/212/525 117/211/522

# Shape "mesh10":
g mesh10
# No. points 8:
v -25 5 25.0002
v 25 5 25.0002
v -25 5 75.0002
v 25 5 75.0002
v -25 25 25.0002
v 25 25 25.0002
v -25 10 75.0002
v 25 10 75.0002

# No. normals 36:
vn -1 0 0
vn 1 0 0
vn 0 -1 0
vn 0 0.95783 0.28735
vn 0 0 1
vn 0 0 -1
vn -1 0 0
vn 0 0 -1
vn 0 -1 0
vn 1 0 0
vn 0 0 -1
vn 0 -1 0
vn -1 0 0
vn 0 0 1
vn 0 -1 0
vn 1 0 0
vn 0 0 1
vn 0 -1 0
vn -1 0 0
vn 0 0 -1
vn 0 0.95783 0.28735
vn 1 0 0
vn 0 0 -1
vn 0 0.95783 0.28735
vn -1 0 0
vn 0 0 1
vn 0 0.95783 0.28735
vn 1 0 0
vn 0 0 1
vn 0 0.95783 0.28735
vn -1 0 0
vn 1 0 0
vn 0 -1 0
vn 0 0.95783 0.28735
vn 0 0 1
vn 0 0 -1

# No. texture coordinates 8:
vt 0 0
vt 0 0
vt 0 1
vt 0 1
vt 1 0
vt 1 0
vt 1 1
vt 1 1

# No. faces 6:

usemtl material01

f 127/221/563 131/225/575 129/223/569 125/219/557
f 130/224/572 132/226/578 128/222/566 126/220/560
f 126/220/562 128/222/568 127/221/565 125/219/559
f 131/225/577 132/226/580 130/224/574 129/223/571
f 128/222/567 132/226/579 131/225/576 127/221/564
f 129/223/570 130/224/573 126/220/561 125/219/558

# Shape "cube06":
g cube06
# No. points 8:
v 25 -5.07499 55
v 25 -5.07499 25
v 25 4.92501 55
v 25 4.92501 25
v -25 -5.07499 55
v -25 -5.07499 25
v -25 4.92501 55
v -25 4.92501 25

# No. normals 36:
vn 0 0 1
vn 0 0 -1
vn 1 0 0
vn -1 0 0
vn 0 1 0
vn 0 -1 0
vn 0 0 1
vn 0 -1 0
vn 1 0 0
vn 0 0 -1
vn 0 -1 0
vn 1 0 0
vn 0 0 1
vn 0 1 0
vn 1 0 0
vn 0 0 -1
vn 0 1 0
vn 1 0 0
vn 0 0 1
vn 0 -1 0
vn -1 0 0
vn 0 0 -1
vn 0 -1 0
vn -1 0 0
vn 0 0 1
vn 0 1 0
vn -1 0 0
vn 0 0 -1
vn 0 1 0
vn -1 0 0
vn 0 0 1
vn 0 0 -1
vn 1 0 0
vn -1 0 0
vn 0 1 0
vn 0 -1 0

# No. texture coordinates 8:
vt 0 0
vt 0 0
vt 0 1
vt 0 1
vt 1 0
vt 1 0
vt 1 1
vt 1 1

# No. faces 6:

usemtl material01

f 135/229/599 139/233/611 137/231/605 133/227/593
f 138/232/608 140/234/614 136/230/602 134/228/596
f 134/228/598 136/230/604 135/229/601 133/227/595
f 139/233/613 140/234/616 138/232/610 137/231/607
f 136/230/603 140/234/615 139/233/612 135/229/600
f 137/231/606 138/232/609 134/228/597 133/227/594

# End Group:

# Shape "mesh11":
g mesh11
# No. points 1490:
v 2.46831 -19.0598 -0.32496
v 2.3001 -19.0598 -0.95273
v 1.97514 -19.0598 -1.51558
v 1.51558 -19.0598 -1.97514
v 0.95273 -19.0598 -2.3001
v 0.32496 -19.0598 -2.46831
v -0.32496 -19.0598 -2.46831
v -0.95273 -19.0598 -2.3001
v -1.51558 -19.0598 -1.97514
v -1.97514 -19.0598 -1.51558
v -2.3001 -19.0598 -0.95273
v -2.46831 -19.0598 -0.32496
v -2.46831 -19.0598 0.32496
v -2.3001 -19.0598 0.95273
v -1.97514 -19.0598 1.51558
v -1.51558 -19.0598 1.97514
v -0.95273 -19.0598 2.3001
v -0.32496 -19.0598 2.46831
v 0.32496 -19.0598 2.46831
v 0.95273 -19.0598 2.3001
v 1.51558 -19.0598 1.97514
v 1.97514 -19.0598 1.51558
v 2.3001 -19.0598 0.95273
v 2.46831 -19.0598 0.32496
v 5.48256 -18.3868 -0.72179
v 5.10894 -18.3868 -2.11619
v 4.38714 -18.3868 -3.36637
v 3.36637 -18.3868 -4.38714
v 2.11619 -18.3868 -5.10894
v 0.72179 -18.3868 -5.48256
v -0.72179 -18.3868 -5.48256
v -2.11619 -18.3868 -5.10894
v -3.36637 -18.3868 -4.38714
v -4.38714 -18.3868 -3.36637
v -5.10893 -18.3868 -2.11619
v -5.48256 -18.3868 -0.72179
v -5.48256 -18.3868 0.72179
v -5.10893 -18.3868 2.11619
v -4.38714 -18.3868 3.36637
v -3.36637 -18.3868 4.38714
v -2.11619 -18.3868 5.10893
v -0.72179 -18.3868 5.48256
v 0.72179 -18.3868 5.48256
v 2.11619 -18.3868 5.10893
v 3.36637 -18.3868 4.38714
v 4.38714 -18.3868 3.36637
v 5.10894 -18.3868 2.11619
v 5.48256 -18.3868 0.72179
v 8.9032 -16.9454 -1.17213
v 8.29646 -16.9454 -3.43651
v 7.12433 -16.9454 -5.46669
v 5.46669 -16.9454 -7.12433
v 3.43651 -16.9454 -8.29646
v 1.17213 -16.9454 -8.9032
v -1.17213 -16.9454 -8.9032
v -3.43651 -16.9454 -8.29646
v -5.46669 -16.9454 -7.12433
v -7.12433 -16.9454 -5.46669
v -8.29646 -16.9454 -3.43651
v -8.9032 -16.9454 -1.17213
v -8.9032 -16.9454 1.17213
v -8.29646 -16.9454 3.43651
v -7.12433 -16.9454 5.46669
v -5.46669 -16.9454 7.12433
v -3.43651 -16.9454 8.29646
v -1.17213 -16.9454 8.9032
v 1.17213 -16.9454 8.9032
v 3.43651 -16.9454 8.29646
v 5.46669 -16.9454 7.12433
v 7.12433 -16.9454 5.46669
v 8.29646 -16.9454 3.43651
v 8.9032 -16.9454 1.17213
v 11.9817 -14.8528 -1.57742
v 11.1652 -14.8528 -4.62476
v 9.58774 -14.8528 -7.35693
v 7.35693 -14.8528 -9.58774
v 4.62476 -14.8528 -11.1652
v 1.57742 -14.8528 -11.9817
v -1.57742 -14.8528 -11.9817
v -4.62476 -14.8528 -11.1652
v -7.35693 -14.8528 -9.58774
v -9.58774 -14.8528 -7.35693
v -11.1652 -14.8528 -4.62476
v -11.9817 -14.8528 -1.57742
v -11.9817 -14.8528 1.57742
v -11.1652 -14.8528 4.62476
v -9.58774 -14.8528 7.35693
v -7.35693 -14.8528 9.58774
v -4.62476 -14.8528 11.1652
v -1.57742 -14.8528 11.9817
v 1.57742 -14.8528 11.9817
v 4.62476 -14.8528 11.1652
v 7.35693 -14.8528 9.58774
v 9.58774 -14.8528 7.35693
v 11.1652 -14.8528 4.62476
v 11.9817 -14.8528 1.57742
v 14.5997 -12.1894 -1.92209
v 13.6048 -12.1894 -5.63529
v 11.6827 -12.1894 -8.96445
v 8.96445 -12.1894 -11.6827
v 5.63529 -12.1894 -13.6048
v 1.92209 -12.1894 -14.5997
v -1.92209 -12.1894 -14.5997
v -5.63528 -12.1894 -13.6048
v -8.96444 -12.1894 -11.6827
v -11.6827 -12.1894 -8.96445
v -13.6048 -12.1894 -5.63529
v -14.5997 -12.1894 -1.92209
v -14.5997 -12.1894 1.92209
v -13.6048 -12.1894 5.63529
v -11.6827 -12.1894 8.96445
v -8.96445 -12.1894 11.6827
v -5.63529 -12.1894 13.6048
v -1.92209 -12.1894 14.5997
v 1.92209 -12.1894 14.5997
v 5.63528 -12.1894 13.6048
v 8.96444 -12.1894 11.6827
v 11.6827 -12.1894 8.96445
v 13.6048 -12.1894 5.63529
v 14.5997 -12.1894 1.92209
v 16.6567 -9.05751 -2.1929
v 15.5216 -9.05751 -6.42925
v 13.3287 -9.05751 -10.2275
v 10.2275 -9.05752 -13.3287
v 6.42925 -9.05751 -15.5216
v 2.1929 -9.05751 -16.6567
v -2.1929 -9.05751 -16.6567
v -6.42925 -9.05751 -15.5216
v -10.2275 -9.05751 -13.3287
v -13.3287 -9.05751 -10.2275
v -15.5216 -9.05751 -6.42925
v -16.6567 -9.05751 -2.1929
v -16.6567 -9.05751 2.1929
v -15.5216 -9.05751 6.42925
v -13.3287 -9.05751 10.2275
v -10.2275 -9.0575 13.3287
v -6.42925 -9.05751 15.5216
v -2.1929 -9.05751 16.6567
v 2.1929 -9.05751 16.6567
v 6.42925 -9.05751 15.5216
v 10.2275 -9.05751 13.3287
v 13.3287 -9.05751 10.2275
v 15.5216 -9.05751 6.42925
v 16.6567 -9.05751 2.1929
v 18.0736 -5.57759 -2.37943
v 16.8419 -5.57759 -6.97614
v 14.4625 -5.57759 -11.0974
v 11.0974 -5.57759 -14.4625
v 6.97614 -5.57759 -16.8419
v 2.37943 -5.57759 -18.0736
v -2.37943 -5.57759 -18.0736
v -6.97614 -5.57759 -16.8419
v -11.0974 -5.57759 -14.4625
v -14.4625 -5.57759 -11.0974
v -16.8419 -5.57758 -6.97614
v -18.0736 -5.57758 -2.37943
v -18.0736 -5.57758 2.37943
v -16.8419 -5.57758 6.97614
v -14.4625 -5.57758 11.0974
v -11.0974 -5.57758 14.4625
v -6.97614 -5.57758 16.8419
v -2.37943 -5.57758 18.0736
v 2.37943 -5.57758 18.0736
v 6.97614 -5.57758 16.8419
v 11.0974 -5.57758 14.4625
v 14.4625 -5.57759 11.0974
v 16.8419 -5.57759 6.97614
v 18.0736 -5.57759 2.37943
v 18.7959 -1.88332 -2.47453
v 17.515 -1.88332 -7.25495
v 15.0405 -1.88333 -11.541
v 11.541 -1.88333 -15.0405
v 7.25495 -1.88333 -17.515
v 2.47453 -1.88333 -18.7959
v -2.47453 -1.88332 -18.7959
v -7.25495 -1.88332 -17.515
v -11.541 -1.88332 -15.0405
v -15.0405 -1.88332 -11.541
v -17.515 -1.88332 -7.25495
v -18.7959 -1.88332 -2.47453
v -18.7959 -1.88332 2.47453
v -17.515 -1.88332 7.25495
v -15.0405 -1.88332 11.541
v -11.541 -1.88332 15.0405
v -7.25495 -1.88332 17.515
v -2.47453 -1.88332 18.7959
v 2.47453 -1.88332 18.7959
v 7.25495 -1.88332 17.515
v 11.541 -1.88332 15.0405
v 15.0405 -1.88332 11.541
v 17.515 -1.88332 7.25495
v 18.7959 -1.88332 2.47453
v 18.7959 1.88332 -2.47453
v 17.515 1.88332 -7.25495
v 15.0405 1.88332 -11.541
v 11.541 1.88332 -15.0405
v 7.25495 1.88332 -17.515
v 2.47453 1.88332 -18.7959
v -2.47453 1.88332 -18.7959
v -7.25495 1.88332 -17.515
v -11.541 1.88332 -15.0405
v -15.0405 1.88332 -11.541
v -17.515 1.88332 -7.25495
v -18.7959 1.88332 -2.47453
v -18.7959 1.88332 2.47453
v -17.515 1.88332 7.25495
v -15.0405 1.88333 11.541
v -11.541 1.88333 15.0405
v -7.25495 1.88333 17.515
v -2.47453 1.88333 18.7959
v 2.47453 1.88332 18.7959
v 7.25495 1.88332 17.515
v 11.541 1.88332 15.0405
v 15.0405 1.88332 11.541
v 17.515 1.88332 7.25495
v 18.7959 1.88332 2.47453
v 18.0736 5.57758 -2.37943
v 16.8419 5.57758 -6.97614
v 14.4625 5.57758 -11.0974
v 11.0974 5.57758 -14.4625
v 6.97614 5.57758 -16.8419
v 2.37943 5.57758 -18.0736
v -2.37943 5.57758 -18.0736
v -6.97614 5.57758 -16.8419
v -11.0974 5.57758 -14.4625
v -14.4625 5.57759 -11.0974
v -16.8419 5.57759 -6.97614
v -18.0736 5.57759 -2.37943
v -18.0736 5.57759 2.37943
v -16.8419 5.57759 6.97614
v -14.4625 5.57759 11.0974
v -11.0974 5.57759 14.4625
v -6.97614 5.57759 16.8419
v -2.37943 5.57759 18.0736
v 2.37943 5.57759 18.0736
v 6.97614 5.57759 16.8419
v 11.0974 5.57759 14.4625
v 14.4625 5.57759 11.0974
v 16.8419 5.57758 6.97614
v 18.0736 5.57758 2.37943
v 16.6567 9.05751 -2.1929
v 15.5216 9.05751 -6.42925
v 13.3287 9.05751 -10.2275
v 10.2275 9.0575 -13.3287
v 6.42925 9.05751 -15.5216
v 2.1929 9.05751 -16.6567
v -2.1929 9.05751 -16.6567
v -6.42925 9.05751 -15.5216
v -10.2275 9.05751 -13.3287
v -13.3287 9.05751 -10.2275
v -15.5216 9.05751 -6.42925
v -16.6567 9.05751 -2.1929
v -16.6567 9.05751 2.1929
v -15.5216 9.05751 6.42925
v -13.3287 9.05751 10.2275
v -10.2275 9.05752 13.3287
v -6.42925 9.05751 15.5216
v -2.1929 9.05751 16.6567
v 2.1929 9.05751 16.6567
v 6.42925 9.05751 15.5216
v 10.2275 9.05751 13.3287
v 13.3287 9.05751 10.2275
v 15.5216 9.05751 6.42925
v 16.6567 9.05751 2.1929
v 14.5997 12.1894 -1.92209
v 13.6048 12.1894 -5.63529
v 11.6827 12.1894 -8.96445
v 8.96445 12.1894 -11.6827
v 5.63529 12.1894 -13.6048
v 1.92209 12.1894 -14.5997
v -1.92209 12.1894 -14.5997
v -5.63528 12.1894 -13.6048
v -8.96444 12.1894 -11.6827
v -11.6827 12.1894 -8.96445
v -13.6048 12.1894 -5.63529
v -14.5997 12.1894 -1.92209
v -14.5997 12.1894 1.92209
v -13.6048 12.1894 5.63529
v -11.6827 12.1894 8.96445
v -8.96445 12.1894 11.6827
v -5.63529 12.1894 13.6048
v -1.92209 12.1894 14.5997
v 1.92209 12.1894 14.5997
v 5.63528 12.1894 13.6048
v 8.96444 12.1894 11.6827
v 11.6827 12.1894 8.96445
v 13.6048 12.1894 5.63529
v 14.5997 12.1894 1.92209
v 11.9817 14.8528 -1.57742
v 11.1652 14.8528 -4.62476
v 9.58774 14.8528 -7.35693
v 7.35693 14.8528 -9.58774
v 4.62476 14.8528 -11.1652
v 1.57742 14.8528 -11.9817
v -1.57742 14.8528 -11.9817
v -4.62476 14.8528 -11.1652
v -7.35693 14.8528 -9.58774
v -9.58774 14.8528 -7.35693
v -11.1652 14.8528 -4.62476
v -11.9817 14.8528 -1.57742
v -11.9817 14.8528 1.57742
v -11.1652 14.8528 4.62476
v -9.58774 14.8528 7.35693
v -7.35693 14.8528 9.58774
v -4.62476 14.8528 11.1652
v -1.57742 14.8528 11.9817
v 1.57742 14.8528 11.9817
v 4.62476 14.8528 11.1652
v 7.35693 14.8528 9.58774
v 9.58774 14.8528 7.35693
v 11.1652 14.8528 4.62476
v 11.9817 14.8528 1.57742
v 8.9032 16.9454 -1.17213
v 8.29646 16.9454 -3.43651
v 7.12433 16.9454 -5.46669
v 5.46669 16.9454 -7.12433
v 3.43651 16.9454 -8.29646
v 1.17213 16.9454 -8.9032
v -1.17213 16.9454 -8.9032
v -3.43651 16.9454 -8.29646
v -5.46669 16.9454 -7.12433
v -7.12433 16.9454 -5.46669
v -8.29646 16.9454 -3.43651
v -8.9032 16.9454 -1.17213
v -8.9032 16.9454 1.17213
v -8.29646 16.9454 3.43651
v -7.12433 16.9454 5.46669
v -5.46669 16.9454 7.12433
v -3.43651 16.9454 8.29646
v -1.17213 16.9454 8.9032
v 1.17213 16.9454 8.9032
v 3.43651 16.9454 8.29646
v 5.46669 16.9454 7.12433
v 7.12433 16.9454 5.46669
v 8.29646 16.9454 3.43651
v 8.9032 16.9454 1.17213
v 5.48256 18.3868 -0.72179
v 5.10893 18.3868 -2.11619
v 4.38714 18.3868 -3.36637
v 3.36637 18.3868 -4.38714
v 2.11619 18.3868 -5.10893
v 0.72179 18.3868 -5.48256
v -0.72179 18.3868 -5.48256
v -2.11619 18.3868 -5.10893
v -3.36637 18.3868 -4.38714
v -4.38714 18.3868 -3.36637
v -5.10894 18.3868 -2.11619
v -5.48256 18.3868 -0.72179
v -5.48256 18.3868 0.72179
v -5.10894 18.3868 2.11619
v -4.38714 18.3868 3.36637
v -3.36637 18.3868 4.38714
v -2.11619 18.3868 5.10894
v -0.72179 18.3868 5.48256
v 0.72179 18.3868 5.48256
v 2.11619 18.3868 5.10894
v 3.36637 18.3868 4.38714
v 4.38714 18.3868 3.36637
v 5.10893 18.3868 2.11619
v 5.48256 18.3868 0.72179
v 2.46831 19.0598 -0.32496
v 2.3001 19.0598 -0.95273
v 1.97514 19.0598 -1.51558
v 1.51558 19.0598 -1.97514
v 0.95273 19.0598 -2.3001
v 0.32496 19.0598 -2.46831
v -0.32496 19.0598 -2.46831
v -0.95273 19.0598 -2.3001
v -1.51558 19.0598 -1.97514
v -1.97514 19.0598 -1.51558
v -2.3001 19.0598 -0.95273
v -2.46831 19.0598 -0.32496
v -2.46831 19.0598 0.32496
v -2.3001 19.0598 0.95273
v -1.97514 19.0598 1.51558
v -1.51558 19.0598 1.97514
v -0.95273 19.0598 2.3001
v -0.32496 19.0598 2.46831
v 0.32496 19.0598 2.46831
v 0.95273 19.0598 2.3001
v 1.51558 19.0598 1.97514
v 1.97514 19.0598 1.51558
v 2.3001 19.0598 0.95273
v 2.46831 19.0598 0.32496
v 2.02957 -19.1062 0
v 3.77071 -18.883 -0.49642
v 1.96041 -19.1062 -0.52529
v 3.51374 -18.883 -1.45544
v 1.75766 -19.1062 -1.01479
v 3.01732 -18.883 -2.31527
v 1.43512 -19.1062 -1.43512
v 2.31527 -18.883 -3.01732
v 1.01479 -19.1062 -1.75766
v 1.45544 -18.883 -3.51374
v 0.52529 -19.1062 -1.96041
v 0.49642 -18.883 -3.77071
v 0 -19.1062 -2.02957
v -0.49642 -18.883 -3.77071
v -0.52529 -19.1062 -1.96041
v -1.45544 -18.883 -3.51374
v -1.01478 -19.1062 -1.75766
v -2.31527 -18.883 -3.01732
v -1.43512 -19.1062 -1.43512
v -3.01732 -18.883 -2.31527
v -1.75766 -19.1062 -1.01479
v -3.51374 -18.883 -1.45544
v -1.96041 -19.1062 -0.52529
v -3.77071 -18.883 -0.49642
v -2.02957 -19.1062 0
v -3.77071 -18.883 0.49642
v -1.96041 -19.1062 0.52529
v -3.51374 -18.883 1.45544
v -1.75766 -19.1062 1.01478
v -3.01732 -18.883 2.31527
v -1.43512 -19.1062 1.43512
v -2.31527 -18.883 3.01732
v -1.01478 -19.1062 1.75766
v -1.45544 -18.883 3.51374
v -0.52529 -19.1062 1.96041
v -0.49642 -18.883 3.77071
v 0 -19.1062 2.02957
v 0.49642 -18.883 3.77071
v 0.52529 -19.1062 1.96041
v 1.45544 -18.883 3.51374
v 1.01479 -19.1062 1.75766
v 2.31527 -18.883 3.01732
v 1.43512 -19.1062 1.43512
v 3.01732 -18.883 2.31527
v 1.75766 -19.1062 1.01478
v 3.51374 -18.883 1.45544
v 1.96041 -19.1062 0.52529
v 3.77071 -18.883 0.49642
v 5.55383 -18.3868 0
v 7.24521 -17.7947 -0.95385
v 5.36459 -18.3868 -1.43744
v 6.75146 -17.7947 -2.79655
v 4.80976 -18.3868 -2.77692
v 5.79761 -17.7947 -4.44867
v 3.92715 -18.3868 -3.92715
v 4.44867 -17.7947 -5.79761
v 2.77692 -18.3868 -4.80976
v 2.79655 -17.7947 -6.75146
v 1.43744 -18.3868 -5.36459
v 0.95385 -17.7947 -7.24521
v 0 -18.3868 -5.55383
v -0.95385 -17.7947 -7.24521
v -1.43744 -18.3868 -5.36459
v -2.79655 -17.7947 -6.75146
v -2.77692 -18.3868 -4.80976
v -4.44866 -17.7947 -5.79761
v -3.92715 -18.3868 -3.92715
v -5.79761 -17.7947 -4.44867
v -4.80976 -18.3868 -2.77692
v -6.75146 -17.7947 -2.79655
v -5.36459 -18.3868 -1.43744
v -7.24521 -17.7947 -0.95385
v -5.55383 -18.3868 0
v -7.24521 -17.7947 0.95385
v -5.36459 -18.3868 1.43744
v -6.75146 -17.7947 2.79655
v -4.80976 -18.3868 2.77692
v -5.79761 -17.7947 4.44866
v -3.92715 -18.3868 3.92715
v -4.44866 -17.7947 5.79761
v -2.77692 -18.3868 4.80976
v -2.79655 -17.7947 6.75146
v -1.43744 -18.3868 5.36459
v -0.95385 -17.7947 7.24521
v 0 -18.3868 5.55383
v 0.95385 -17.7947 7.24521
v 1.43744 -18.3868 5.36459
v 2.79655 -17.7947 6.75146
v 2.77692 -18.3868 4.80976
v 4.44867 -17.7947 5.79761
v 3.92715 -18.3868 3.92715
v 5.79761 -17.7947 4.44866
v 4.80976 -18.3868 2.77692
v 6.75146 -17.7947 2.79655
v 5.36459 -18.3868 1.43744
v 7.24521 -17.7947 0.95385
v 9.01893 -16.9454 0
v 10.5184 -16.0148 -1.38478
v 8.71162 -16.9454 -2.33427
v 9.8016 -16.0148 -4.05996
v 7.81063 -16.9454 -4.50947
v 8.41683 -16.0148 -6.45846
